88.349 90.575 87.577 97.386 96.224 90.813 100.0 100.0 98.876 95.751
91.889 90.335 92.853 100.0 96.783 92.826 100.0 100.0 100.0 100.0
92.040 92.014 95.751 100.0 94.499 98.069 100.0 100.0 100.0 100.0
91.852 93.585 100.0 100.0 93.810 100.0 98.876 100.0 100.0 100.0
90.140 68.473 87.215 86.179 89.031 70.733 90.490 75.872 72.184 93.810
76.552 62.927 94.499 87.812 85.121 52.521 87.833 100.0 76.028 93.810
66.067 81.502 95.202 88.511 86.437 59.116 81.208 98.876 82.114 94.884
71.798 90.902 90.937 87.631 100.0 54.086 85.646 95.751 80.345 93.810
72.916 100.0 89.821 70.470 94.602 24.155 94.053 96.783 80.912 93.501
72.630 98.069 88.848 72.822 76.091 24.815 96.242 100.0 80.345 91.371
69.724 97.724 78.277 71.364 74.285 0.6393 96.783 94.884 80.345 82.114
69.372 59.722 78.766 70.640 74.965 0.1987 100.0 94.884 82.752 86.377
69.443 80.310 79.272 72.100 78.277 0.0306 100.0 88.077 88.996 87.206
55.628 70.975 79.798 73.966 78.277 0.6812 100.0 87.206 91.003 88.077
62.195 70.283 79.798 75.402 82.114 2.1245 100.0 87.206 94.602 88.077
69.252 71.198 80.912 73.080 82.114 4.3168 97.724 88.996 97.724 90.358
70.904 45.012 79.761 75.817 82.752 13.771 96.050 98.876 96.050 93.301
73.368 70.941 82.500 81.572 83.416 28.298 97.724 100.0 97.724 94.602
73.368 57.934 83.261 88.077 83.416 66.893 97.724 100.0 100.0 96.050
70.947 70.590 87.206 88.077 84.831 71.646 100.0 100.0 100.0 96.050
71.683 86.449 88.077 88.077 84.831 78.791 100.0 100.0 100.0 96.050
72.822 90.668 92.109 91.522 88.077 93.169 100.0 100.0 100.0 97.724
73.966 90.566 98.876 92.264 92.264 100.0 100.0 100.0 100.0 97.724
74.965 91.002 97.724 92.264 93.301 100.0 100.0 100.0 100.0 97.724
72.568 90.530 100.0 94.977 97.724 100.0 100.0 100.0 100.0 100.0
71.683 90.902 100.0 100.0 100.0 100.0 100.0 100.0 100.0 100.0
90.735 91.236 100.0 100.0 100.0 100.0 100.0 100.0 100.0 100.0


































