from 5.0 to 20.0
1 0.9233689940818791 0.11563828518986516 -0.8396600194590463 0.21801336459598145
2 0.7958175383720296 0.30252721056468374 -0.839660019459046 0.21801336459598133
from 10.0 to 25.0
1 0.8969158827893808 0.21014462672364317 -0.8512796560300038 0.1789667210599655
2 0.8476592469391566 0.17387080335793167 -0.8512796560300044 0.17896672105996558
from 15.0 to 30.0
1 0.9537087847341268 0.06216351075495682 -0.890884459888167 0.12275725489765045
2 0.9100750641805846 0.10337466798485119 -0.8908844598881679 0.1227572548976504
from 20.0 to 35.0
1 0.9740833331236622 0.033983030777288405 -0.9132795022964201 0.0983739424665476
2 0.9372212195409462 0.0731159563420515 -0.9132795022964192 0.0983739424665476
from 25.0 to 40.0
1 0.9738418650708374 0.03465335740122473 -0.9146549211786381 0.09178736627796064
2 0.9445962550903703 0.061729064362189105 -0.9146549211786382 0.09178736627796062
from 30.0 to 45.0
1 0.9771526761632803 0.033407520915814656 -0.9253436576533018 0.07422236588244575
2 0.9678926408686841 0.03731251248717644 -0.9253436576533025 0.07422236588244568
from 35.0 to 50.0
1 0.9796568194876115 0.030620078322833817 -0.9347623900396212 0.06471565522816757
2 0.972381887617273 0.033279467456646235 -0.9347623900396207 0.06471565522816758
from 40.0 to 55.0
1 0.9841095966876315 0.02220689635203405 -0.945228918114455 0.05592536012738287
2 0.9731506862334502 0.034110365771261614 -0.9452289181144528 0.05592536012738291
from 50.0 to 65.0
1 0.9871978458157252 0.017963628980095736 -0.9470772237843922 0.05752739105518625
2 0.9562893423916722 0.05622222564776939 -0.9470772237843922 0.05752739105518622
from 55.0 to 70.0
1 0.990803232664987 0.012897168617398189 -0.9424492989309612 0.06590627127060653
2 0.94898053971644 0.06251256709446627 -0.9424492989309606 0.06590627127060654
from 60.0 to 75.0
1 0.9906880234849428 0.013036830885974132 -0.9448584663544081 0.0631627793489156
2 0.952072935402216 0.059165115416237354 -0.9448584663544078 0.06316277934891563
from 65.0 to 80.0
1 0.9907819642607605 0.013318462490485175 -0.9471959449274135 0.06060900370971282
2 0.9545976266520154 0.0560276615889645 -0.9471959449274149 0.06060900370971277
from 70.0 to 85.0
1 0.9875190838000389 0.019440559530997385 -0.9442663697511997 0.06567933518921869
2 0.9519157118728393 0.06120967146494704 -0.9442663697511985 0.06567933518921872
from 75.0 to 90.0
1 0.9873986643527144 0.019114365386235087 -0.9480030142255031 0.06121236375731055
2 0.9545645751750014 0.055968099005778454 -0.9480030142255034 0.061212363757310595
from 80.0 to 95.0
1 0.9850059960575832 0.026538353633089772 -0.9511177151427477 0.05972919767461328
2 0.9580804622496074 0.05310233364117686 -0.9511177151427486 0.059729197674613245
from 85.0 to 100.0
1 0.977489344936138 0.03732461617866891 -0.9531128287842708 0.05919829745917647
2 0.9527672565939552 0.06607675649655424 -0.9531128287842712 0.05919829745917648
from 90.0 to 105.0
1 0.9598742164594257 0.06483585523838002 -0.9358109961022234 0.0824231201303849
2 0.9273621416536123 0.10183274072450711 -0.9358109961022241 0.08242312013038489
from 95.0 to 110.0
1 0.9310579974359292 0.10837882135024432 -0.9169547061680702 0.11260974833987585
2 0.9011145639286277 0.12429095197233364 -0.9169547061680675 0.1126097483398758
from 100.0 to 115.0
1 0.8486767958306821 0.22531953343669972 -0.8629654279375434 0.1898067612704282
2 0.8694018319517267 0.14860053568563647 -0.862965427937543 0.18980676127042814
from 110.0 to 125.0
1 0.7641973506439945 0.39122380189028105 -0.7898655036371517 0.3288333038937365
2 0.8484804865384189 0.18261800476445245 -0.7898655036371525 0.32883330389373655
from 115.0 to 130.0
1 0.783402123333718 0.38082334492397674 -0.7874779665429472 0.32960884917309574
2 0.8035314437351264 0.2373518860671426 -0.7874779665429475 0.32960884917309563
from 120.0 to 135.0
1 0.8194316193926657 0.3445642265825003 -0.823413353010374 0.29213749950895795
2 0.8294179331136586 0.20755573965993224 -0.8234133530103737 0.2921374995089576
from 125.0 to 140.0
1 0.9336292341432888 0.09375500375978532 -0.8767101505266255 0.15105851154281313
2 0.8163244585622733 0.21673832539114132 -0.8767101505266257 0.151058511542813
from 130.0 to 145.0
1 0.8929045680774921 0.18072277899963243 -0.7853806873362504 0.25374670265320176
2 0.6960273936241773 0.32541104319194847 -0.7853806873362502 0.25374670265320187
from 140.0 to 155.0
1 0.9549841286952478 0.057798848556472715 -0.7750944882841824 0.3318431851331483
2 0.6523671919915902 0.40980752047530605 -0.7750944882841824 0.3318431851331483
from 150.0 to 165.0
1 0.9902906724063062 0.01262634887340737 -0.9541643242222808 0.07857785814591618
2 0.9197090660817083 0.11307237574763365 -0.9541643242222809 0.0785778581459162
from 155.0 to 170.0
1 0.9959719263317354 0.005136139254529408 -0.9823908780041626 0.026077796417510672
2 0.9681631698134857 0.04256029549954057 -0.9823908780041637 0.026077796417510693
from 160.0 to 175.0
1 0.997170139494969 0.0035545325487122918 -0.9889803474945864 0.01453476697926728
2 0.9801113706632095 0.026490579995046913 -0.9889803474945863 0.014534766979267286
from 165.0 to 180.0
1 0.9976476343868528 0.002889785486221595 -0.990959197382797 0.011816137430665596
2 0.983813865191575 0.022278603957075083 -0.9909591973827979 0.011816137430665605
from 175.0 to 190.0
1 0.9988053603187196 0.001508125259060755 -0.9945566182340092 0.00639328335130772
2 0.9902562699526869 0.013150057552095263 -0.9945566182340092 0.006393283351307714
from 180.0 to 195.0
1 0.9990062694994312 0.001273062878748504 -0.996436076953186 0.0039319969222657595
2 0.9943329119495732 0.007584926054654258 -0.9964360769531867 0.003931996922265761
from 185.0 to 200.0
1 0.9990262403824445 0.001199165519881375 -0.9969653420454956 0.003265569762140004
2 0.9958605392702684 0.00572566163969421 -0.9969653420454975 0.0032655697621400063
from 190.0 to 205.0
1 0.999151656752908 0.0010386923151723011 -0.9972813830023706 0.003010971773110662
2 0.9968360460433491 0.0043891180461438205 -0.9972813830023718 0.003010971773110664
from 200.0 to 215.0
1 0.9986804761874738 0.0019295034016586562 -0.9972617847569717 0.0030999350180418972
2 0.9977158189953169 0.0031449181824796417 -0.9972617847569712 0.003099935018041898
from 205.0 to 220.0
1 0.9983607126590862 0.0022559008497440593 -0.9971431183819806 0.0034219259767389776
2 0.9979358727349558 0.0028035186597673532 -0.9971431183819774 0.003421925976738979
from 210.0 to 225.0
1 0.9978150666420074 0.003011694288566914 -0.9970170421317339 0.0037758140632009854
2 0.9982532227320065 0.0023576336504851562 -0.9970170421317327 0.003775814063200982
from 215.0 to 230.0
1 0.9977041887573892 0.0031289264765790325 -0.997030552298719 0.0036796836420558616
2 0.998532943175488 0.001943676130540103 -0.9970305522987175 0.003679683642055863
from 220.0 to 235.0
1 0.9975749304355916 0.003318881133633764 -0.9971605779627197 0.0034924860103766825
2 0.998786732137186 0.0016898623809116907 -0.9971605779627191 0.0034924860103766825
from 225.0 to 240.0
1 0.9898305203182719 0.0122536212088601 -0.9919784087034188 0.010457244380897346
2 0.9987448428401843 0.0013926945005358874 -0.9919784087034196 0.010457244380897344
from 230.0 to 245.0
1 0.9181505534053118 0.09946587573374759 -0.9396515784492745 0.08711445239633611
2 0.9761271996519865 0.02591395638506823 -0.9396515784492754 0.08711445239633613
from 235.0 to 250.0
1 0.8833106251058457 0.13349835232337956 -0.9068224662104334 0.12081403692798696
2 0.9485619146899722 0.054008908150961314 -0.9068224662104325 0.120814036927987
from 240.0 to 255.0
1 0.8896691616585725 0.12380567111689574 -0.9062678019936666 0.11463177788043856
2 0.9363568697239885 0.06827872524628982 -0.9062678019936653 0.11463177788043848
from 245.0 to 260.0
1 0.8996502813276209 0.11292813092992486 -0.9104334900061772 0.10413703439797412
2 0.9292841521447442 0.07479617610055 -0.9104334900061771 0.1041370343979741
from 250.0 to 265.0
1 0.892473449319155 0.12510440979717102 -0.8929202279226276 0.11823125745663492
2 0.9150690038535916 0.09326946292241438 -0.8929202279226282 0.11823125745663497
from 260.0 to 275.0
1 0.8737648541821988 0.15520128300469335 -0.8786030905630771 0.12973686489708117
2 0.9181885712112855 0.09307816997655066 -0.8786030905630786 0.1297368648970811
from 265.0 to 280.0
1 0.8724204295087902 0.15778335297227059 -0.8836254817351216 0.12757046646206266
2 0.9276104090814492 0.08248606101426662 -0.8836254817351215 0.12757046646206271
from 270.0 to 285.0
1 0.8794892770346086 0.15495669357078987 -0.8925612102944657 0.12147961473514186
2 0.9245911883889905 0.08533214396705098 -0.8925612102944669 0.12147961473514182
from 275.0 to 290.0
1 0.9129206673974372 0.11068872391366785 -0.9004758615548237 0.11706503168215125
2 0.9151663382298807 0.09315219808205029 -0.900475861554822 0.1170650316821513
from 280.0 to 295.0
1 0.927408496093914 0.08675427954181097 -0.9121131098850457 0.10459523760189555
2 0.9199876964053398 0.08634906661118559 -0.9121131098850455 0.10459523760189555
from 285.0 to 300.0
1 0.9420920557479086 0.06766692401787124 -0.9214711260605375 0.09572597442336132
2 0.9202851896823272 0.08659846052213559 -0.9214711260605373 0.09572597442336132
from 290.0 to 305.0
1 0.9555674880818402 0.05309626940424734 -0.9319911963036134 0.08205616638799672
2 0.9254617185365007 0.08185261463383012 -0.9319911963036127 0.0820561663879967
from 300.0 to 315.0
1 0.9694715113018836 0.037009411302525455 -0.9359149305332138 0.08368402778652753
2 0.9274735902882968 0.08291572812303781 -0.9359149305332126 0.08368402778652748
from 305.0 to 320.0
1 0.9739178017004986 0.03279838575171222 -0.9421016721409822 0.07860165825005228
2 0.9329898177767515 0.07858986572122029 -0.9421016721409815 0.07860165825005229
from 310.0 to 325.0
1 0.971981001952556 0.03506255631285759 -0.9514893785550986 0.06659437070789002
2 0.9503310069853442 0.05865313032981569 -0.9514893785550983 0.06659437070789005
from 315.0 to 330.0
1 0.9671809248619926 0.04156013775815705 -0.9523107859658613 0.06540451793003439
2 0.9551585229472525 0.05259831582357911 -0.9523107859658616 0.06540451793003442
from 320.0 to 335.0
1 0.9598044430747642 0.051110601864876 -0.9565576911333552 0.058750871889985026
2 0.9601258326382996 0.04615177227672304 -0.9565576911333549 0.058750871889985005
from 325.0 to 340.0
1 0.9564919166813344 0.05523352711630343 -0.9596409966079592 0.05571700533493271
2 0.9670972790248226 0.03841658560359711 -0.9596409966079603 0.05571700533493271
from 330.0 to 345.0
1 0.9512773201804543 0.06353576310833242 -0.9612040196151665 0.05533932862085051
2 0.9744587872988097 0.03039661133459411 -0.9612040196151662 0.0553393286208505
from 335.0 to 350.0
1 0.9753167824391912 0.029269077994747022 -0.9763017128743693 0.0315081550490121
2 0.986250880719361 0.01699548086048948 -0.9763017128743688 0.03150815504901211
from 345.0 to 360.0
1 0.9739341708160635 0.03023018979870147 -0.9766048205356227 0.03086743623495722
2 0.9877132053135361 0.016054872881575817 -0.9766048205356217 0.0308674362349572
from 350.0 to 365.0
1 0.9737492555801861 0.03137669233617667 -0.9770432154358688 0.03216783039958492
2 0.9877479091666862 0.015811425211320295 -0.977043215435868 0.03216783039958494
from 360.0 to 375.0
1 0.9703260632178096 0.03407611994884864 -0.97084887291142 0.04063268504866873
2 0.9886425637220357 0.013695738147845435 -0.9708488729114211 0.04063268504866875
from 365.0 to 380.0
1 0.9704033374122364 0.03432807010853186 -0.9675681938588115 0.04341691711210775
2 0.9869115237937898 0.01499582894192331 -0.9675681938588109 0.04341691711210774
from 370.0 to 385.0
1 0.9717323818324602 0.032378986950391715 -0.964467708941877 0.04565106651310313
2 0.9856616720349094 0.016759486718775356 -0.9644677089418776 0.045651066513103154
from 375.0 to 390.0
1 0.9726192067492616 0.032484448737879895 -0.9595436836875989 0.053248600012514954
2 0.9827658936963177 0.021807707850602615 -0.9595436836875983 0.05324860001251487
from 380.0 to 395.0
1 0.9673882290274499 0.040555270438070126 -0.9544305255751311 0.06464811304009342
2 0.9786448741882681 0.03089144137926053 -0.9544305255751321 0.06464811304009344
