from 5.0 to 20.0
1 1.0000000015373587 3.119986731295815E-8 -0.9536667700927051 6.684124529010128E-5
2 0.9999999555172151 7.5693249958124E-8 -0.9536667700927051 6.684124529010132E-5
from 10.0 to 25.0
1 0.9999854345381162 4.7133538437210546E-5 -0.95378087048986 0.0015147626952663413
2 0.9999877803409996 2.8445994725670973E-5 -0.9537808704898617 0.0015147626952663404
from 15.0 to 30.0
1 0.9999995943543214 1.2555137877867566E-6 -0.9538303497301747 2.280049235850985E-4
2 0.9999998138066913 1.979255276048344E-7 -0.9538303497301732 2.2800492358509842E-4
from 20.0 to 35.0
1 0.9999959537743127 1.2847175238161282E-5 -0.9535619548244002 0.0011123679085977404
2 0.9999900309096876 2.4818945086970816E-5 -0.9535619548243993 0.0011123679085977404
from 25.0 to 40.0
1 0.999998997542599 2.031149877720472E-6 -0.953510789092355 3.773825683614251E-4
2 0.9999993623464728 6.339763351151415E-7 -0.953510789092355 3.773825683614252E-4
from 30.0 to 45.0
1 0.9999996740508869 1.1153912503427758E-6 -0.9532735388895331 5.140906932025683E-4
2 0.9999974008630469 9.659514457020794E-6 -0.9532735388895329 5.140906932025681E-4
from 35.0 to 50.0
1 0.9999978518074587 2.7670530447022035E-6 -0.953232577042655 4.943938590928188E-4
2 0.9999993698203411 1.1588409777084896E-6 -0.9532325770426523 4.943938590928188E-4
from 40.0 to 55.0
1 0.9999997243575112 9.316267729651209E-7 -0.9533743838778748 1.7351662994091055E-4
2 0.9999999372518472 1.605880164705569E-7 -0.9533743838778745 1.7351662994091044E-4
from 50.0 to 65.0
1 0.9999999875933613 3.3453993994363764E-8 -0.9535717526017201 1.1027799113977723E-4
2 0.9999998676659538 1.6574095308756652E-7 -0.9535717526017207 1.1027799113977734E-4
from 55.0 to 70.0
1 0.9999999740147506 5.7362770394433606E-8 -0.9539526134139917 1.8157355952770193E-4
2 0.999999636290565 1.030963084835219E-6 -0.9539526134139917 1.8157355952770203E-4
from 60.0 to 75.0
1 0.9999999937146451 6.998924197528025E-8 -0.9542404107004361 1.0768810610914342E-4
2 0.9999998725972262 1.642597182756333E-7 -0.954240410700438 1.0768810610914349E-4
from 65.0 to 80.0
1 0.9999997858784163 5.974590048742338E-7 -0.954580830466375 2.1068745675346994E-4
2 0.9999997037386887 6.538272480298183E-7 -0.9545808304663758 2.1068745675347002E-4
from 70.0 to 85.0
1 0.9999998311342042 5.504201283731051E-7 -0.9550063373419646 2.2925600116359827E-4
2 0.9999995151018005 1.1388131375434497E-6 -0.9550063373419647 2.2925600116359833E-4
from 75.0 to 90.0
1 1.0000000044149926 3.051936238112654E-8 -0.9554047272181954 3.1558222302020334E-4
2 0.9999988306205484 4.290444134465733E-6 -0.9554047272181954 3.155822230202033E-4
from 80.0 to 95.0
1 0.9999997741270927 5.323246813593657E-7 -0.9557768572248153 3.118213815167309E-4
2 0.99999908210468 2.894821556167488E-6 -0.9557768572248146 3.1182138151673107E-4
from 85.0 to 100.0
1 0.9999999764293781 1.039339762857578E-7 -0.9561393237272927 7.066572496228697E-5
2 0.9999999536279754 7.273119975483598E-8 -0.9561393237272928 7.066572496228697E-5
from 90.0 to 105.0
1 0.9999999816895062 4.122105074552655E-8 -0.9565003015903784 5.774025485966288E-5
2 0.9999999678852493 5.659135577296039E-8 -0.9565003015903774 5.7740254859662914E-5
from 95.0 to 110.0
1 0.9999985066597777 5.152555231358763E-6 -0.9570187918981996 3.6473588678258447E-4
2 0.9999998381470251 4.0253108780811207E-7 -0.9570187918981989 3.647358867825843E-4
from 100.0 to 115.0
1 0.9999999576547159 6.16203597005291E-8 -0.9577373898575149 2.7785835996278454E-4
2 0.9999990868885381 2.42681361537177E-6 -0.9577373898575154 2.778583599627846E-4
from 110.0 to 125.0
1 0.9999994913942607 1.18973065591671E-6 -0.9583679533494947 2.1950586760736566E-4
2 0.9999998872553462 3.177869750772589E-7 -0.958367953349495 2.1950586760736577E-4
from 115.0 to 130.0
1 0.9999999766418153 4.629156463077628E-8 -0.9590335287386812 1.5991761052445936E-4
2 0.9999996993371378 1.1128460305621267E-6 -0.9590335287386804 1.599176105244593E-4
from 120.0 to 135.0
1 0.9999988124801455 3.8697820008261965E-6 -0.9592915687506038 5.266944475974278E-4
2 0.999997597709385 4.365824427160624E-6 -0.9592915687506033 5.266944475974275E-4
from 125.0 to 140.0
1 0.999999976781178 5.1658852567306165E-8 -0.959768047431846 1.3319666366933775E-4
2 0.9999997997347678 3.95579531378143E-7 -0.9597680474318457 1.3319666366933767E-4
from 130.0 to 145.0
1 0.999999939306636 1.9553600916847405E-7 -0.9600530724065912 1.5639348979160517E-4
2 0.9999997331680438 4.937358020846061E-7 -0.9600530724065913 1.563934897916053E-4
from 140.0 to 155.0
1 0.9994213961210885 0.0012750966089114131 -0.9144633222455921 0.012469081561723497
2 0.9995497376478393 8.978091710337164E-4 -0.9144633222455905 0.012469081561723501
from 150.0 to 165.0
1 0.9845602285169178 0.018341586791404612 -0.29247215532881726 0.1304298113931844
2 0.9964991871347978 0.003914335048283313 -0.29247215532881665 0.13042981139318438
from 155.0 to 170.0
1 0.9871560185210985 0.014490645984931971 0.9193573761026281 0.04323867940386545
2 0.9970944415745813 0.003155672715756316 0.9193573761026287 0.043238679403865436
from 160.0 to 175.0
1 0.9896293897840144 0.011793765858532555 0.9517085186853322 0.02981774652563301
2 0.9972686377199274 0.002941314181577146 0.9517085186853325 0.02981774652563299
from 165.0 to 180.0
1 0.9900954160287472 0.011157984840810797 0.9491923841008949 0.033568218098569545
2 0.9948656311009 0.005271675651252568 0.9491923841008961 0.03356821809856956
from 175.0 to 190.0
1 0.9952054489967114 0.005289445753092568 0.9766552106402656 0.01547615246117335
2 0.9980345937758471 0.002263729030857893 0.9766552106402661 0.015476152461173336
from 180.0 to 195.0
1 0.996650399975612 0.003753146203620947 0.985277568875806 0.009661943725084946
2 0.9991564487199573 0.001166754189494135 0.9852775688758072 0.009661943725084937
from 185.0 to 200.0
1 0.9976446160574894 0.0026802275526004067 0.9913294901956325 0.006071415640096022
2 0.9996299374169956 5.649989034016903E-4 0.9913294901956338 0.006071415640096028
from 190.0 to 205.0
1 0.9988672891250767 0.0013297225932949453 0.9949569185162046 0.003436677335100659
2 0.9996605060958051 4.986608765490685E-4 0.9949569185162046 0.0034366773351006573
from 200.0 to 215.0
1 0.9997415658514207 3.150261237803048E-4 0.997527231693773 0.0014102617763883103
2 0.999787088465002 2.6692051041653486E-4 0.9975272316937737 0.0014102617763883094
from 205.0 to 220.0
1 0.9998056765128398 2.3344226019963733E-4 0.9979297469040284 0.0012095681183534495
2 0.9997730733007614 2.8960284252579633E-4 0.9979297469040286 0.0012095681183534493
from 210.0 to 225.0
1 0.9998735280950416 2.1977790863445874E-4 0.9976219469250757 0.0017233107413247633
2 0.9994242095198073 6.376676635560639E-4 0.9976219469250749 0.0017233107413247631
from 215.0 to 230.0
1 0.99988739415852 2.2073865667353418E-4 0.9971473324222778 0.0023027952662948376
2 0.9990502328705234 0.0010349698311597462 0.997147332422277 0.002302795266294837
from 220.0 to 235.0
1 0.9997839459355465 3.833855808604329E-4 0.9964851983809871 0.0030345737901542216
2 0.9986078078349341 0.0015079030458475583 0.996485198380987 0.0030345737901542216
from 225.0 to 240.0
1 0.9998791959255026 2.230537404308255E-4 0.9972081041911001 0.00230560466661528
2 0.9989963032241423 0.0010798971360433541 0.9972081041911005 0.0023056046666152788
from 230.0 to 245.0
1 0.999915860091339 9.611228087517585E-5 0.9977413583049973 0.0019148055760814153
2 0.9991679342564674 8.779698134023032E-4 0.9977413583049975 0.001914805576081416
from 235.0 to 250.0
1 0.9999723646883103 3.673718943297208E-5 0.9983695716227045 0.0012782487256328206
2 0.999477616765924 5.506283056931519E-4 0.9983695716227059 0.00127824872563282
from 240.0 to 255.0
1 0.9999063280744912 1.1850472302307783E-4 0.9983106838385064 0.001378382609374643
2 0.9994732354470223 5.564689421678759E-4 0.9983106838385073 0.0013783826093746428
from 245.0 to 260.0
1 0.9994167056259242 6.953405907146094E-4 0.9970241429032282 0.0026204880526477224
2 0.9993662334556127 6.649693512464333E-4 0.9970241429032274 0.002620488052647722
from 250.0 to 265.0
1 0.9995905842084963 4.814035986559616E-4 0.9963198767414295 0.003475593566884277
2 0.9985809243854512 0.0014702157631239232 0.9963198767414301 0.0034755935668842786
from 260.0 to 275.0
1 0.9996798546028579 3.7009399283059724E-4 0.9966421832571315 0.0029494872839931664
2 0.9987786061299484 0.0012886284834290464 0.9966421832571317 0.0029494872839931677
from 265.0 to 280.0
1 0.9997245457556164 3.257185774608517E-4 0.9963498874798947 0.0027665230710056596
2 0.9989184206131061 0.001193733691693439 0.9963498874798947 0.0027665230710056596
from 270.0 to 285.0
1 0.9996860321048873 3.783953481364761E-4 0.9959139142695753 0.002859601370293014
2 0.9990109346146601 0.001115214418252978 0.9959139142695754 0.002859601370293012
from 275.0 to 290.0
1 0.9997546526560234 3.4101589297821255E-4 0.9939899711255566 0.003560496957355322
2 0.99870956586166 0.0015886638726833955 0.9939899711255562 0.003560496957355321
from 280.0 to 295.0
1 0.9997447994268149 3.829924098428073E-4 0.9889470801834035 0.005654393806325482
2 0.9980498376198569 0.0025641275296556638 0.9889470801834028 0.0056543938063254836
from 285.0 to 300.0
1 0.9997441032541381 3.714464750852409E-4 0.9780264726803665 0.010582298355221918
2 0.9957356725087265 0.005913703465510808 0.9780264726803678 0.010582298355221917
from 290.0 to 305.0
1 0.9999751276321944 4.4099230696346574E-5 0.8721157641274847 0.06371588120145028
2 0.9529410641345083 0.06689543573982425 0.872115764127484 0.06371588120145025
from 300.0 to 315.0
1 0.9999900878641956 1.624027432470525E-5 0.675362005142453 0.1618510752139538
2 0.8772293941591667 0.17452964584092115 0.6753620051424531 0.1618510752139537
from 305.0 to 320.0
1 0.9999927107454534 1.3869631311443569E-5 0.45913746210627937 0.2696030352585968
2 0.7942421407642629 0.292499249908942 0.4591374621062798 0.26960303525859675
from 310.0 to 325.0
1 0.9999994846918057 5.868439703057274E-7 0.25678005468672 0.02095948467591914
2 0.9995097477219007 6.908737058002031E-4 0.2567800546867197 0.02095948467591915
from 315.0 to 330.0
1 0.9999990456067109 1.0696542314776438E-6 0.013430727195803056 0.002794034371459143
2 0.9999928733413169 1.0048718824936102E-5 0.013430727195803065 0.0027940343714591433
from 320.0 to 335.0
1 0.9999996679426135 3.7987440942419016E-7 -0.17919627919992293 0.0020043457976977653
2 0.9999960304936665 5.617034691904147E-6 -0.17919627919992312 0.002004345797697766
from 325.0 to 340.0
1 0.9999962125631108 9.444289822083133E-6 -0.327443098218583 0.001908266830613762
2 0.999999588828158 6.077346613553959E-7 -0.3274430982185835 0.0019082668306137625
from 330.0 to 345.0
1 0.9999997696911153 2.6977627847141314E-7 -0.4372266451053223 5.291485298697335E-4
2 0.9999998633139837 1.886755049742707E-7 -0.43722664510532283 5.291485298697337E-4
from 335.0 to 350.0
1 0.9999998269896521 2.0132193605497658E-7 -0.5384617139349183 0.003452231234441518
2 0.9999830366215936 6.331827180375415E-5 -0.5384617139349178 0.003452231234441518
from 345.0 to 360.0
1 0.9999997895456412 2.4048499401670725E-7 -0.6143298820592697 4.2317932261812675E-4
2 0.9999999132844041 1.4644123466486878E-7 -0.6143298820592703 4.231793226181261E-4
from 350.0 to 365.0
1 0.9999896171602156 3.787943748881453E-5 -0.6708603618478965 0.0036136841930023435
2 0.9999860323953035 3.987098442881652E-5 -0.6708603618478969 0.003613684193002345
from 360.0 to 375.0
1 0.9999990750610722 1.2111939018733612E-6 -0.7218313553038277 8.600791854371957E-4
2 0.9999993334635756 7.821192745109405E-7 -0.7218313553038268 8.600791854371963E-4
from 365.0 to 380.0
1 0.9999993384712369 7.142390010984777E-7 -0.7574233680533276 0.0011714038087677
2 0.9999973142056846 8.14897425292898E-6 -0.7574233680533276 0.0011714038087677007
from 370.0 to 385.0
1 0.9999994958153566 5.328165585050677E-7 -0.7856234273294853 5.923081998822583E-4
2 0.9999995569013227 4.965767343157894E-7 -0.7856234273294861 5.923081998822583E-4
from 375.0 to 390.0
1 0.999984759495123 5.613200935960679E-5 -0.8074691693260465 0.003001894813852202
2 0.9999887739455958 2.8884095214043017E-5 -0.8074691693260471 0.0030018948138522002
from 380.0 to 395.0
1 0.9999979924286895 6.1796799394322245E-6 -0.8250212449505808 0.001682670777232111
2 0.9999927967914204 9.873888094373109E-6 -0.8250212449505818 0.0016826707772321097
