from 5.0 to 20.0
1 0.998431611217219 0.0025799951919274543 -0.9478242704313562 0.03771695029204858
2 0.9860762485359132 0.016778506859989443 -0.9478242704313571 0.03771695029204859
from 10.0 to 25.0
1 0.9961586804881332 0.004711789347705793 -0.9372078311387229 0.06055489197363415
2 0.9657678606704297 0.03462835288609447 -0.9372078311387239 0.06055489197363414
from 15.0 to 30.0
1 0.9969328365083754 0.0035211496010050516 -0.9384709735095211 0.04510310576699107
2 0.9838554184429159 0.016514484118186304 -0.9384709735095214 0.04510310576699107
from 20.0 to 35.0
1 0.9980839753653515 0.0021605686425313748 -0.9420606171932905 0.03946437521603043
2 0.9868350434321334 0.013771988916112516 -0.9420606171932902 0.039464375216030384
from 25.0 to 40.0
1 0.9980879551715832 0.002146780654577218 -0.9389822936488708 0.04179506992545471
2 0.9852662578650505 0.014950475236474138 -0.9389822936488703 0.0417950699254547
from 30.0 to 45.0
1 0.9987408785418461 0.001522703712108951 -0.9418504964670813 0.02912627524775505
2 0.9932917664946109 0.0068823739486247905 -0.9418504964670811 0.029126275247755032
from 35.0 to 50.0
1 0.9988874959857299 0.001345132145874706 -0.9500051234493909 0.02375552970901235
2 0.9949601263313903 0.005157801757028656 -0.9500051234493895 0.023755529709012343
from 40.0 to 55.0
1 0.9989760419301074 0.0012106772174969797 -0.9597848510403999 0.019461965194654228
2 0.9959781590488731 0.004261514266143996 -0.959784851040401 0.01946196519465422
from 50.0 to 65.0
1 0.9994756420981905 6.510281431380927E-4 -0.9696507344874896 0.01952578731230998
2 0.993720269546721 0.006701223880363502 -0.9696507344874902 0.01952578731230997
from 55.0 to 70.0
1 0.9996984279389749 3.486255517609284E-4 -0.9657588616500266 0.02785033398801306
2 0.9879209101853025 0.012819278528116575 -0.9657588616500276 0.02785033398801306
from 60.0 to 75.0
1 0.9997895278036787 2.4534602940500265E-4 -0.9680203262626346 0.02627820983232725
2 0.9885385911856452 0.012266586322652186 -0.9680203262626339 0.026278209832327218
from 65.0 to 80.0
1 0.9998615594266952 1.7360093363281816E-4 -0.970611256086781 0.024050471770728016
2 0.9898621403495853 0.011033607403613399 -0.9706112560867795 0.02405047177072803
from 70.0 to 85.0
1 0.9998240549763027 2.2240540552638817E-4 -0.9719208568030863 0.024106074244091006
2 0.9902093978438435 0.01135970968276979 -0.9719208568030873 0.024106074244091013
from 75.0 to 90.0
1 0.9998352767654478 2.0726560217442682E-4 -0.9765913345165076 0.02082638150251595
2 0.9914287903551009 0.009998351581957037 -0.9765913345165079 0.02082638150251595
from 80.0 to 95.0
1 0.9998073463612701 2.948567490609982E-4 -0.9806711666938885 0.019997479635789548
2 0.9917963920518088 0.01085799146810228 -0.9806711666938893 0.019997479635789562
from 85.0 to 100.0
1 0.9992432707190729 0.0011568900590452043 -0.9881905894485875 0.01377039779971481
2 0.9942525614646542 0.008056484615003426 -0.9881905894485875 0.01377039779971481
from 90.0 to 105.0
1 0.9984543906054625 0.0020684441937688907 -0.9905685133078495 0.012769801254355886
2 0.993611771043728 0.00879760753946723 -0.9905685133078488 0.01276980125435587
from 95.0 to 110.0
1 0.9969719994246203 0.003707474279240597 -0.9959433663169724 0.006382492038452351
2 0.9949746946279423 0.00748766584014769 -0.9959433663169738 0.006382492038452352
from 100.0 to 115.0
1 0.993577864972559 0.007122559338374557 -0.9869624354773419 0.014788234528856142
2 0.9922478541362543 0.00863620767730234 -0.9869624354773416 0.01478823452885614
from 110.0 to 125.0
1 0.9949974480026696 0.005694404453653462 -0.9527143633937053 0.031984722463975164
2 0.9923902765437527 0.008900310209847705 -0.952714363393704 0.03198472246397517
from 115.0 to 130.0
1 0.9966438613818396 0.003984425216457167 -0.9734540171451305 0.02263846791289484
2 0.9913539670682988 0.010712858565361544 -0.9734540171451316 0.02263846791289482
from 120.0 to 135.0
1 0.9969120201439758 0.0037506682484218542 -0.9840839514972322 0.014769357747815196
2 0.9936733302025086 0.008264386504143215 -0.9840839514972345 0.014769357747815197
from 125.0 to 140.0
1 0.9986449284187325 0.0018680620476382167 -0.9936329857553902 0.007025737852017961
2 0.993355205238895 0.008177477198146758 -0.9936329857553904 0.007025737852017947
from 130.0 to 145.0
1 0.998720887588337 0.001847233723426108 -0.9759908384973776 0.022739631318144417
2 0.9857968162003705 0.01580744487044357 -0.9759908384973769 0.022739631318144424
from 140.0 to 155.0
1 0.9876851461001073 0.013525998911486575 -0.975358642949362 0.0326385997669177
2 0.962573687740299 0.045719169873305175 -0.9753586429493624 0.03263859976691766
from 150.0 to 165.0
1 0.9971087792804318 0.0032402089624965344 -0.9919355703897287 0.00932156811095858
2 0.9863079563933592 0.01714849767748666 -0.9919355703897293 0.009321568110958574
from 155.0 to 170.0
1 0.9986871478685287 0.0014777959785546686 -0.9950935695324858 0.004986097885891037
2 0.9914119807809892 0.010584744948163796 -0.9950935695324868 0.004986097885891036
from 160.0 to 175.0
1 0.9991372964404726 9.629906903899803E-4 -0.9963072453558016 0.0032560430176599964
2 0.9938478301731127 0.007440755382593919 -0.9963072453558035 0.0032560430176599977
from 165.0 to 180.0
1 0.9992634702885789 8.220546346649134E-4 -0.9966537018123183 0.0028399621998535154
2 0.9946125537108582 0.006479646671753032 -0.9966537018123179 0.0028399621998535162
from 175.0 to 190.0
1 0.9998091055009023 2.291053160063484E-4 -0.9980734051338463 0.0014850902369587444
2 0.9970862851236729 0.0034741792025889447 -0.9980734051338479 0.001485090236958746
from 180.0 to 195.0
1 0.9999054961236962 1.21509314647249E-4 -0.9986236673046948 0.0011697151048507815
2 0.9983591861793851 0.0019443452156455623 -0.9986236673046953 0.0011697151048507815
from 185.0 to 200.0
1 0.9998928672216723 1.361277226985736E-4 -0.9986873126395386 0.0011315323354195946
2 0.9989214046422634 0.0013160951022048576 -0.9986873126395388 0.0011315323354195949
from 190.0 to 205.0
1 0.9999437766628803 7.431856171939263E-5 -0.9986450980225183 0.0010115373517522541
2 0.9992419050743276 9.69327099544656E-4 -0.9986450980225186 0.001011537351752254
from 200.0 to 215.0
1 0.9999426629557884 8.455820976709978E-5 -0.9984921044835726 9.653796272289641E-4
2 0.9995589244388291 5.62760835418215E-4 -0.9984921044835718 9.653796272289638E-4
from 205.0 to 220.0
1 0.9999095104479022 1.1967708743968092E-4 -0.9984321685392648 0.0010042025603214937
2 0.9996194090031059 4.815145491528522E-4 -0.9984321685392656 0.0010042025603214937
from 210.0 to 225.0
1 0.9998477462012463 1.9991160990676313E-4 -0.99845937898735 9.590750034120663E-4
2 0.9997312369979963 3.577765230011328E-4 -0.9984593789873487 9.590750034120654E-4
from 215.0 to 230.0
1 0.9998156300630553 2.3415056734976897E-4 -0.9984443085381755 8.816004681197214E-4
2 0.999873755191923 1.7368204151035384E-4 -0.9984443085381752 8.816004681197212E-4
from 220.0 to 235.0
1 0.9997732615566761 2.8708108862353913E-4 -0.9985044658772645 8.992025847891473E-4
2 0.9998854720592909 1.5663629898922816E-4 -0.998504465877265 8.992025847891473E-4
from 225.0 to 240.0
1 0.9963235993628474 0.004242127227370277 -0.9956029085340145 0.00561534697562641
2 0.9994257358545545 5.929983481755796E-4 -0.9956029085340133 0.0056153469756264115
from 230.0 to 245.0
1 0.9606891149566814 0.04672593030092034 -0.9675969760357039 0.04755882169047461
2 0.985626487794622 0.015021082291454869 -0.9675969760357044 0.04755882169047461
from 235.0 to 250.0
1 0.9201296509586695 0.09743809651923929 -0.9319487919452946 0.09998290421583153
2 0.9651900308670539 0.03640578953086681 -0.9319487919452943 0.09998290421583152
from 240.0 to 255.0
1 0.9294356598493444 0.08374728619106456 -0.9320763478864489 0.09466949563222322
2 0.9543157889871235 0.049584557771908185 -0.9320763478864489 0.09466949563222316
from 245.0 to 260.0
1 0.9535998581383618 0.053116147189475 -0.9476681654437971 0.06588698137022124
2 0.953454048417348 0.04921332196240102 -0.9476681654437958 0.06588698137022124
from 250.0 to 265.0
1 0.9631361248831671 0.04185871087728459 -0.9378257371704919 0.07494763115445882
2 0.9436165771420653 0.061501027309541975 -0.937825737170492 0.07494763115445882
from 260.0 to 275.0
1 0.9681779390070124 0.03800398938096766 -0.9274399957068882 0.08780268506816176
2 0.9444663092224581 0.06369986997488748 -0.9274399957068868 0.08780268506816172
from 265.0 to 280.0
1 0.9630561757854422 0.044406288841134185 -0.9280026512175961 0.09013356249679727
2 0.9506424470616144 0.058984754065440244 -0.9280026512175961 0.0901335624967973
from 270.0 to 285.0
1 0.968375033110269 0.038208862417911806 -0.9391157804367283 0.07751045792651523
2 0.9519446447779998 0.05642094495020382 -0.939115780436729 0.07751045792651512
from 275.0 to 290.0
1 0.9768562889171366 0.026714582049308176 -0.9408718194285716 0.07476249881122073
2 0.9495787680435921 0.05745560031869932 -0.9408718194285709 0.07476249881122073
from 280.0 to 295.0
1 0.9803432888291668 0.021888141409869086 -0.9488172629783833 0.06457547726386909
2 0.9548749360084774 0.050701245949231706 -0.9488172629783845 0.06457547726386909
from 285.0 to 300.0
1 0.9837995073346593 0.017755775663619532 -0.9534035524547455 0.06097701310359123
2 0.9544297967606682 0.05213789566893442 -0.9534035524547471 0.06097701310359123
from 290.0 to 305.0
1 0.9899297775527265 0.011077164693663044 -0.9545639131569299 0.06504877569919094
2 0.9461219176628539 0.0649555894861558 -0.9545639131569315 0.06504877569919094
from 300.0 to 315.0
1 0.9935372278196276 0.007041953914838959 -0.9523362165925184 0.07491967257276419
2 0.9431505723567681 0.07235861558578113 -0.9523362165925177 0.07491967257276418
from 305.0 to 320.0
1 0.9963964655447138 0.004055368465606373 -0.959048625101546 0.06650845370412642
2 0.9495018142413283 0.06530039746977821 -0.9590486251015472 0.06650845370412647
from 310.0 to 325.0
1 0.9960401663457532 0.004551751131439746 -0.9740714608970781 0.0376900938282425
2 0.9720841860015971 0.034224455292416384 -0.9740714608970779 0.03769009382824251
from 315.0 to 330.0
1 0.9964195055240849 0.004234709876828579 -0.977068154060325 0.033502557509413514
2 0.9750174378893057 0.030636310843887356 -0.9770681540603242 0.0335025575094135
from 320.0 to 335.0
1 0.9969550611214503 0.0036178535802920265 -0.9857144377002685 0.021101643058281994
2 0.9788008100561061 0.025817603991647006 -0.9857144377002677 0.021101643058281994
from 325.0 to 340.0
1 0.9974526319807551 0.0029992074370787216 -0.9905855841661115 0.01203494446444153
2 0.9857571376594609 0.01639807638423865 -0.9905855841661125 0.012034944464441548
from 330.0 to 345.0
1 0.9973685634423708 0.0030808077270455566 -0.9928744071241187 0.009476966103715411
2 0.9895436352376223 0.012277902380078415 -0.9928744071241206 0.00947696610371542
from 335.0 to 350.0
1 0.9956070883665568 0.005123492384894124 -0.9910117098735766 0.012153522072519914
2 0.9951707571641096 0.006037469095773978 -0.991011709873576 0.012153522072519901
from 345.0 to 360.0
1 0.9935284354751942 0.007179852367645081 -0.9906831122621301 0.0125841980563488
2 0.9960763836715523 0.004968293319552404 -0.9906831122621302 0.01258419805634881
from 350.0 to 365.0
1 0.9916508277860749 0.009107070682171483 -0.9893839903490603 0.013877153904102898
2 0.996202895173577 0.004600992405390223 -0.989383990349061 0.013877153904102891
from 360.0 to 375.0
1 0.9891413927721903 0.011813054838430481 -0.9838310508035351 0.019591469954874215
2 0.996107635354125 0.004610423604801832 -0.9838310508035357 0.01959146995487421
from 365.0 to 380.0
1 0.9899264959624648 0.011044130899701899 -0.9812115774035244 0.021424895244670367
2 0.9950603722281554 0.005447885433577628 -0.9812115774035244 0.02142489524467037
from 370.0 to 385.0
1 0.9896493776176892 0.01108591773216467 -0.9776836867692764 0.023865961310923948
2 0.9945581726932328 0.005960323413275957 -0.977683686769275 0.02386596131092395
from 375.0 to 390.0
1 0.9901312492306842 0.010652014461221737 -0.9743507679131818 0.0262872372589165
2 0.9938973299929084 0.006672749779622499 -0.974350767913183 0.026287237258916504
from 380.0 to 395.0
1 0.9885811204982038 0.012308704673589698 -0.9730643457858715 0.0283141195727802
2 0.99345145139093 0.007031455501795137 -0.9730643457858719 0.028314119572780187
