5.0-20.0
NumEdges: 233
0 1
0 2
0 3
0 4
0 6
1 2
1 3
1 4
1 5
2 4
2 5
2 8
3 4
3 6
3 7
4 5
4 6
4 7
4 8
4 10
5 7
5 8
5 11
6 7
6 9
6 10
6 11
6 12
6 13
7 8
7 9
7 10
7 11
7 12
7 13
7 14
8 10
8 11
8 13
8 14
9 10
9 11
9 12
9 13
9 14
9 15
10 11
10 12
10 13
10 14
10 15
10 17
11 13
11 14
11 17
12 13
12 15
12 16
13 14
13 15
13 16
13 17
14 15
14 16
14 17
14 20
15 16
15 17
15 18
15 19
16 17
16 18
16 19
16 20
16 22
17 19
17 20
18 19
18 21
18 22
19 20
19 21
19 22
19 23
19 25
20 22
20 23
20 26
21 22
21 24
21 25
21 27
21 28
22 23
22 24
22 25
22 26
22 28
22 29
23 25
23 26
23 29
24 25
24 27
24 28
24 29
25 26
25 27
25 28
25 29
26 28
26 29
27 28
27 29
28 29
30 31
30 32
30 33
30 34
30 36
31 32
31 33
31 34
31 35
31 37
32 34
32 35
33 34
33 36
33 37
33 39
34 35
34 36
34 37
34 38
34 41
35 37
35 38
35 41
36 37
36 38
36 39
36 40
37 38
37 39
37 40
37 41
37 43
37 44
38 40
38 41
38 43
38 44
39 40
39 42
39 43
39 45
39 46
40 41
40 42
40 43
40 44
40 46
40 47
41 43
41 44
41 47
42 43
42 45
42 46
42 48
42 49
43 44
43 45
43 46
43 47
43 49
44 46
44 47
45 46
45 47
45 48
45 49
45 51
45 52
46 47
46 48
46 49
46 50
46 51
46 52
47 49
47 50
47 52
47 53
48 49
48 50
48 51
48 52
48 54
49 50
49 51
49 52
49 53
50 52
50 53
50 55
50 56
51 52
51 54
51 55
52 53
52 54
52 55
52 56
52 58
52 59
53 55
53 56
53 59
54 55
54 56
54 57
54 58
55 56
55 57
55 58
55 59
56 58
56 59
57 58
57 59
58 59
10.0-25.0
NumEdges: 230
0 1
0 2
0 3
0 4
1 2
1 3
1 4
1 5
2 4
2 5
3 4
3 6
3 7
4 5
4 6
4 7
4 8
4 10
5 7
5 8
5 11
6 7
6 9
6 10
6 11
6 12
6 13
7 8
7 9
7 10
7 11
7 13
7 14
8 10
8 11
8 13
8 14
9 10
9 11
9 12
9 13
9 14
9 15
9 16
10 11
10 12
10 13
10 14
10 15
10 16
10 17
11 13
11 14
11 17
12 13
12 15
12 16
13 14
13 15
13 16
13 17
14 15
14 16
14 17
15 16
15 17
15 18
15 19
15 20
16 17
16 18
16 19
16 20
16 22
17 19
17 20
18 19
18 21
18 22
19 20
19 21
19 22
19 23
19 25
20 22
20 23
21 22
21 24
21 25
21 27
21 28
22 23
22 24
22 25
22 26
22 28
22 29
23 25
23 26
23 29
24 25
24 27
24 28
24 29
25 26
25 27
25 28
25 29
26 28
26 29
27 28
28 29
30 31
30 32
30 33
30 34
30 36
31 32
31 33
31 34
31 35
31 36
31 37
31 38
32 34
32 35
33 34
33 36
33 37
33 39
34 35
34 36
34 37
34 38
34 41
35 37
35 38
35 41
36 37
36 38
36 39
36 40
37 38
37 39
37 40
37 41
37 43
37 44
38 40
38 41
38 43
38 44
39 40
39 42
39 43
40 41
40 42
40 43
40 44
40 46
40 47
41 43
41 44
42 43
42 45
42 46
42 48
42 49
43 44
43 45
43 46
43 47
43 49
44 46
44 47
45 46
45 47
45 48
45 49
45 51
45 52
46 47
46 48
46 49
46 50
46 51
46 52
47 49
47 50
47 52
47 53
48 49
48 50
48 51
48 52
48 54
48 55
49 50
49 51
49 52
49 53
50 52
50 53
50 55
50 56
51 52
51 54
51 55
52 53
52 54
52 55
52 56
52 58
52 59
53 55
53 56
53 59
54 55
54 56
54 57
54 58
55 56
55 57
55 58
55 59
56 58
56 59
57 58
57 59
58 59
15.0-30.0
NumEdges: 237
0 1
0 2
0 3
0 4
0 6
1 2
1 3
1 4
1 5
1 7
2 4
2 5
2 7
3 4
3 6
3 7
4 5
4 6
4 7
4 8
4 10
5 7
5 8
5 11
6 7
6 9
6 10
6 12
6 13
7 8
7 9
7 10
7 11
7 13
7 14
8 10
8 11
8 13
8 14
9 10
9 11
9 12
9 13
9 14
9 15
9 16
10 11
10 12
10 13
10 14
10 15
10 16
10 17
11 13
11 14
11 17
12 13
12 15
12 16
13 14
13 15
13 16
13 17
14 15
14 16
14 17
15 16
15 17
15 18
15 19
15 20
16 17
16 18
16 19
16 20
16 22
17 19
17 20
18 19
18 20
18 21
18 22
19 20
19 21
19 22
19 23
19 25
20 22
20 23
21 22
21 24
21 25
21 27
21 28
22 23
22 24
22 25
22 26
22 28
22 29
23 25
23 26
23 29
24 25
24 27
24 28
24 29
25 26
25 27
25 28
25 29
26 28
26 29
27 28
28 29
30 31
30 32
30 33
30 34
30 35
30 36
31 32
31 33
31 34
31 35
31 36
31 37
31 38
32 34
32 35
33 34
33 35
33 36
33 37
33 39
34 35
34 36
34 37
34 38
34 41
35 37
35 38
35 41
36 37
36 38
36 39
36 40
36 43
37 38
37 39
37 40
37 41
37 43
37 44
38 40
38 41
38 43
38 44
39 40
39 42
39 43
40 41
40 42
40 43
40 44
40 46
40 47
41 43
41 44
42 43
42 45
42 46
42 48
42 49
43 44
43 45
43 46
43 47
43 49
44 46
44 47
45 46
45 47
45 48
45 49
45 51
45 52
46 47
46 48
46 49
46 50
46 52
47 49
47 50
47 52
47 53
48 49
48 50
48 51
48 52
48 54
48 55
49 50
49 51
49 52
49 53
50 52
50 53
50 55
50 56
51 52
51 54
51 55
51 57
52 53
52 54
52 55
52 56
52 58
52 59
53 55
53 56
53 59
54 55
54 56
54 57
54 58
55 56
55 57
55 58
55 59
56 57
56 58
56 59
57 58
57 59
58 59
20.0-35.0
NumEdges: 234
0 1
0 2
0 3
0 4
0 6
1 2
1 3
1 4
1 5
1 7
2 4
2 5
2 7
3 4
3 6
3 7
4 5
4 6
4 7
4 8
5 7
5 8
5 11
6 7
6 9
6 10
6 12
6 13
7 8
7 9
7 10
7 11
7 13
7 14
8 10
8 11
8 13
8 14
9 10
9 11
9 12
9 13
9 14
9 15
9 16
10 11
10 12
10 13
10 14
10 15
10 16
10 17
11 13
11 14
11 17
12 13
12 15
12 16
13 14
13 15
13 16
13 17
14 15
14 16
14 17
15 16
15 17
15 18
15 19
15 20
16 17
16 18
16 19
16 20
16 22
17 19
17 20
18 19
18 20
18 21
18 22
19 20
19 21
19 22
19 23
19 25
19 26
20 22
20 23
21 22
21 24
21 25
21 27
22 23
22 24
22 25
22 26
22 28
22 29
23 25
23 26
23 29
24 25
24 27
24 28
24 29
25 26
25 27
25 28
25 29
26 28
26 29
27 28
28 29
30 31
30 32
30 33
30 34
30 35
30 36
31 32
31 33
31 34
31 35
31 36
31 37
31 38
32 34
32 35
33 34
33 35
33 36
33 37
33 39
34 35
34 36
34 37
34 38
35 37
35 38
36 37
36 38
36 39
36 40
36 43
37 38
37 39
37 40
37 41
37 43
37 44
38 40
38 41
38 43
38 44
39 40
39 42
39 43
39 44
40 41
40 42
40 43
40 44
40 46
40 47
41 43
41 44
42 43
42 45
42 46
42 48
42 49
43 44
43 45
43 46
43 47
43 49
44 46
44 47
45 46
45 47
45 48
45 49
45 51
45 52
46 47
46 48
46 49
46 50
47 49
47 50
47 52
47 53
48 49
48 50
48 51
48 52
48 54
48 55
49 50
49 51
49 52
49 53
50 52
50 53
50 55
50 56
51 52
51 54
51 55
51 57
52 53
52 54
52 55
52 56
52 58
52 59
53 55
53 56
53 59
54 55
54 56
54 57
54 58
55 56
55 57
55 58
55 59
56 57
56 58
56 59
57 58
57 59
58 59
25.0-40.0
NumEdges: 239
0 1
0 2
0 3
0 4
0 6
1 2
1 3
1 4
1 5
1 7
2 4
2 5
2 7
3 4
3 6
3 7
3 9
4 5
4 6
4 7
4 8
4 11
5 7
5 8
5 11
6 7
6 9
6 10
6 12
6 13
7 8
7 9
7 10
7 11
7 13
7 14
8 10
8 11
8 13
8 14
9 10
9 11
9 12
9 13
9 14
9 15
9 16
10 11
10 12
10 13
10 14
10 15
10 16
10 17
11 13
11 14
11 17
12 13
12 15
12 16
13 14
13 15
13 16
13 17
13 20
14 15
14 16
14 17
15 16
15 17
15 18
15 19
15 20
15 22
16 17
16 18
16 19
16 20
16 22
17 19
17 20
18 19
18 20
18 21
18 22
19 20
19 21
19 22
19 23
19 25
19 26
20 22
20 23
21 22
21 24
21 25
21 27
22 23
22 24
22 25
22 26
23 25
23 26
23 29
24 25
24 27
24 28
24 29
25 26
25 27
25 28
25 29
26 28
26 29
27 28
28 29
30 31
30 32
30 33
30 34
30 35
30 36
31 32
31 33
31 34
31 35
31 36
31 37
31 38
32 34
32 35
33 34
33 35
33 36
33 37
33 39
34 35
34 36
34 37
34 38
34 41
35 37
35 38
35 41
36 37
36 38
36 39
36 40
36 41
36 43
37 38
37 39
37 40
37 41
37 43
37 44
38 40
38 41
38 43
38 44
39 40
39 42
39 43
39 44
40 41
40 42
40 43
40 44
40 46
41 43
41 44
42 43
42 45
42 46
42 48
42 49
43 44
43 45
43 46
43 47
43 49
44 46
44 47
45 46
45 47
45 48
45 49
45 51
45 52
46 47
46 48
46 49
46 50
47 49
47 50
47 52
47 53
48 49
48 50
48 51
48 52
48 54
48 55
49 50
49 51
49 52
49 53
50 52
50 53
50 55
50 56
51 52
51 54
51 55
51 56
51 57
52 53
52 54
52 55
52 56
52 58
52 59
53 55
53 56
53 59
54 55
54 56
54 57
54 58
55 56
55 57
55 58
55 59
56 57
56 58
56 59
57 58
57 59
58 59
30.0-45.0
NumEdges: 244
0 1
0 2
0 3
0 4
1 2
1 3
1 4
1 5
1 7
2 4
2 5
2 7
2 8
3 4
3 6
3 7
3 9
4 5
4 6
4 7
4 8
4 9
4 11
5 7
5 8
5 11
6 7
6 8
6 9
6 10
6 11
6 12
7 8
7 9
7 10
7 11
7 13
7 14
8 10
8 11
8 13
8 14
9 10
9 11
9 12
9 13
9 14
9 15
9 16
10 11
10 12
10 13
10 14
10 15
10 16
10 17
11 13
11 14
11 16
11 17
12 13
12 15
12 16
13 14
13 15
13 16
13 17
13 20
14 16
14 17
15 16
15 17
15 18
15 19
15 20
15 22
16 17
16 18
16 19
16 20
16 22
17 19
17 20
18 19
18 20
18 21
18 22
19 20
19 21
19 22
19 23
19 25
19 26
20 22
20 23
20 25
21 22
21 24
21 25
21 27
22 23
22 25
22 26
23 25
23 26
23 29
24 25
24 27
24 28
24 29
25 26
25 27
25 28
25 29
26 28
26 29
27 28
28 29
30 31
30 32
30 33
30 34
30 35
30 36
31 32
31 33
31 34
31 35
31 36
31 37
31 38
32 33
32 34
32 35
33 34
33 35
33 36
33 37
33 39
34 35
34 36
34 37
34 38
34 41
35 37
35 38
35 41
36 37
36 38
36 39
36 40
36 41
36 43
37 38
37 39
37 40
37 41
37 43
37 44
38 40
38 41
38 43
38 44
39 40
39 42
39 43
39 44
40 41
40 42
40 43
40 44
40 46
41 43
41 44
42 43
42 45
42 46
42 48
42 49
43 44
43 45
43 46
43 47
43 49
44 46
44 47
44 49
45 46
45 47
45 48
45 49
45 51
45 52
46 47
46 48
46 49
46 50
46 52
47 49
47 50
47 52
47 53
48 49
48 50
48 51
48 52
48 54
48 55
49 50
49 51
49 52
49 53
50 52
50 53
50 55
50 56
51 52
51 54
51 55
51 56
51 57
52 53
52 54
52 55
52 56
52 58
52 59
53 55
53 56
53 59
54 55
54 56
54 57
54 58
55 56
55 57
55 58
55 59
56 57
56 58
56 59
57 58
57 59
58 59
35.0-50.0
NumEdges: 246
0 1
0 2
0 3
0 4
0 7
1 2
1 3
1 4
1 5
1 7
2 4
2 5
2 7
2 8
3 4
3 6
3 7
3 9
4 5
4 6
4 7
4 8
4 9
4 10
4 11
5 7
5 8
5 11
6 7
6 8
6 9
6 10
6 11
6 12
6 13
7 8
7 9
7 10
7 11
7 13
7 14
8 10
8 11
8 13
8 14
9 10
9 11
9 12
9 13
9 14
9 15
9 16
10 11
10 12
10 13
10 14
10 15
10 16
10 17
11 13
11 14
11 16
11 17
12 13
12 15
12 16
13 14
13 15
13 16
13 17
13 20
14 16
14 17
15 16
15 17
15 18
15 19
15 20
15 22
16 17
16 18
16 19
16 20
16 22
17 19
17 20
18 19
18 20
18 21
18 22
19 20
19 21
19 22
19 23
19 25
19 26
20 22
20 23
20 25
21 22
21 24
21 25
21 27
22 23
22 25
22 26
23 25
23 26
23 29
24 25
24 27
24 28
24 29
25 26
25 27
25 28
25 29
26 28
26 29
27 28
28 29
30 31
30 32
30 33
30 34
30 35
30 36
31 32
31 33
31 34
31 35
31 36
31 37
31 38
32 33
32 34
32 35
33 34
33 35
33 36
33 37
33 39
34 35
34 36
34 37
34 38
34 41
35 37
35 38
35 41
36 37
36 38
36 39
36 40
36 41
36 43
36 44
37 38
37 39
37 40
37 41
37 43
37 44
38 40
38 41
38 43
38 44
39 40
39 42
39 43
39 44
40 41
40 42
40 43
40 44
40 46
41 43
41 44
42 43
42 45
42 46
42 48
42 49
43 44
43 45
43 46
43 47
43 49
44 46
44 47
44 49
45 46
45 47
45 48
45 49
45 51
45 52
46 47
46 48
46 49
46 50
46 52
47 49
47 50
47 52
47 53
48 49
48 50
48 51
48 52
48 54
48 55
49 50
49 51
49 52
49 53
50 52
50 53
50 55
50 56
51 52
51 54
51 55
51 56
52 53
52 54
52 55
52 56
52 58
52 59
53 55
53 56
53 59
54 55
54 56
54 57
54 58
55 56
55 57
55 58
55 59
56 58
56 59
57 58
57 59
58 59
40.0-55.0
NumEdges: 247
0 1
0 2
0 3
0 4
0 7
1 2
1 3
1 4
1 5
1 7
2 4
2 5
2 7
2 8
3 4
3 6
3 7
3 9
4 5
4 6
4 7
4 8
4 9
4 10
4 11
4 14
5 7
5 8
5 11
6 7
6 8
6 9
6 10
6 11
6 12
6 13
7 8
7 9
7 10
7 11
7 14
8 10
8 11
8 13
8 14
9 10
9 11
9 12
9 13
9 14
9 15
9 16
9 17
10 11
10 12
10 13
10 14
10 15
10 16
10 17
11 13
11 14
11 16
11 17
12 13
12 15
12 16
13 14
13 15
13 16
13 17
13 19
13 20
14 16
14 17
15 16
15 17
15 18
15 19
15 20
16 17
16 18
16 19
16 20
17 19
17 20
18 19
18 20
18 21
18 22
19 20
19 21
19 22
19 23
19 25
19 26
20 22
20 23
20 25
20 26
21 22
21 24
21 25
21 27
21 28
22 23
22 25
22 26
23 25
23 26
23 29
24 25
24 27
24 28
24 29
25 26
25 27
25 28
25 29
26 28
26 29
27 28
27 29
28 29
30 31
30 32
30 33
30 34
30 35
31 32
31 33
31 34
31 35
31 36
31 37
31 38
32 33
32 34
32 35
33 34
33 35
33 36
33 37
34 35
34 36
34 37
34 38
34 41
35 37
35 38
35 41
36 37
36 38
36 39
36 40
36 41
36 43
36 44
37 38
37 39
37 40
37 41
37 43
37 44
38 40
38 41
38 43
38 44
39 40
39 41
39 42
39 43
39 44
40 41
40 42
40 43
40 44
40 46
41 43
41 44
42 43
42 45
42 46
42 48
42 49
43 44
43 45
43 46
43 47
43 49
44 46
44 47
44 49
45 46
45 48
45 49
45 51
45 52
46 47
46 48
46 49
46 52
47 49
47 50
47 52
47 53
48 49
48 50
48 51
48 52
48 54
48 55
49 50
49 51
49 52
49 53
50 52
50 53
50 55
50 56
50 59
51 52
51 54
51 55
51 56
52 53
52 54
52 55
52 56
52 58
52 59
53 55
53 56
53 59
54 55
54 56
54 57
54 58
55 56
55 57
55 58
55 59
56 58
56 59
57 58
57 59
58 59
50.0-65.0
NumEdges: 242
0 1
0 2
0 3
0 4
0 7
1 2
1 3
1 4
1 5
1 7
2 4
2 5
2 7
2 8
3 4
3 6
3 7
4 5
4 6
4 7
4 8
4 9
4 10
4 11
4 14
5 7
5 8
5 10
5 11
5 14
6 7
6 9
6 10
6 11
6 12
6 13
7 8
7 9
7 10
7 11
7 14
8 10
8 11
8 14
9 10
9 11
9 12
9 13
9 14
9 15
9 16
9 17
10 11
10 12
10 13
10 14
10 15
10 16
10 17
11 13
11 14
11 16
11 17
12 13
12 15
12 16
13 14
13 15
13 16
13 17
13 19
13 20
14 16
14 17
15 16
15 17
15 18
15 19
16 17
16 18
16 19
16 20
17 19
17 20
18 19
18 21
18 22
19 20
19 21
19 22
19 23
19 25
20 22
20 23
20 25
20 26
21 22
21 24
21 25
21 27
21 28
22 23
22 25
22 26
22 29
23 25
23 26
23 29
24 25
24 27
24 28
24 29
25 26
25 27
25 28
25 29
26 28
26 29
27 28
27 29
28 29
30 31
30 32
30 33
30 34
30 35
31 32
31 33
31 34
31 35
31 36
31 37
31 38
32 33
32 34
32 35
33 34
33 35
33 36
34 35
34 36
34 37
34 38
34 41
35 38
35 41
36 37
36 38
36 39
36 40
36 41
36 43
36 44
37 38
37 39
37 40
37 41
37 43
37 44
38 40
38 41
38 43
38 44
39 40
39 41
39 42
39 43
39 44
40 41
40 42
40 43
40 44
40 46
40 49
41 43
41 44
42 43
42 45
42 46
42 48
42 49
42 51
43 44
43 46
43 47
43 49
44 46
45 46
45 48
45 49
45 51
45 52
45 54
46 47
46 48
46 49
47 48
47 49
47 50
47 52
47 53
48 49
48 50
48 51
48 52
48 54
48 55
49 50
49 51
49 52
49 53
50 52
50 53
50 55
50 56
50 59
51 52
51 54
51 55
51 56
52 53
52 54
52 55
52 56
52 58
52 59
53 55
53 56
53 59
54 55
54 56
54 57
54 58
55 56
55 57
55 58
55 59
56 58
56 59
57 58
57 59
58 59
55.0-70.0
NumEdges: 241
0 1
0 2
0 3
0 4
0 7
1 2
1 3
1 4
1 5
1 7
2 4
2 5
2 7
2 8
3 4
3 6
3 7
4 5
4 6
4 7
4 8
4 9
4 10
4 11
4 14
5 7
5 8
5 10
5 11
5 14
6 7
6 9
6 10
6 11
6 12
7 8
7 9
7 10
7 11
7 14
8 9
8 10
8 11
8 14
9 10
9 11
9 12
9 13
9 14
9 15
9 16
9 17
10 11
10 12
10 13
10 14
10 15
10 16
10 17
11 13
11 14
11 16
11 17
12 13
12 15
12 16
13 14
13 15
13 16
13 17
13 19
13 20
14 16
14 17
15 16
15 17
15 18
15 19
16 17
16 18
16 19
16 20
17 19
17 20
18 19
18 21
18 22
19 20
19 22
19 23
19 25
20 22
20 23
20 25
20 26
21 22
21 24
21 25
21 27
22 23
22 25
22 26
22 29
23 25
23 26
23 29
24 25
24 27
24 28
24 29
25 26
25 27
25 28
25 29
26 28
26 29
27 28
27 29
28 29
30 31
30 32
30 33
30 34
30 35
31 32
31 33
31 34
31 35
31 36
31 38
32 33
32 34
32 35
33 34
33 35
33 36
34 35
34 36
34 37
34 38
35 37
35 38
35 41
36 37
36 38
36 39
36 40
36 41
36 43
36 44
37 38
37 39
37 40
37 41
37 43
37 44
38 40
38 41
38 43
38 44
39 40
39 41
39 42
39 43
39 44
40 41
40 42
40 43
40 44
40 46
40 47
40 49
41 43
41 44
42 43
42 45
42 46
42 48
42 49
42 51
43 44
43 46
43 47
43 49
44 46
45 46
45 48
45 49
45 51
45 52
45 54
46 47
46 48
46 49
47 48
47 49
47 50
47 52
47 53
48 49
48 50
48 51
48 52
48 54
48 55
49 50
49 51
49 52
49 53
50 52
50 53
50 55
50 56
50 59
51 52
51 54
51 55
51 56
52 53
52 54
52 55
52 56
52 58
52 59
53 55
53 56
53 59
54 55
54 56
54 57
54 58
54 59
55 56
55 57
55 58
55 59
56 58
56 59
57 58
57 59
58 59
60.0-75.0
NumEdges: 240
0 1
0 2
0 3
0 4
0 7
1 2
1 3
1 4
1 5
1 7
2 4
2 5
2 7
2 8
3 4
3 6
3 7
4 5
4 6
4 7
4 8
4 9
4 10
4 11
4 14
5 7
5 8
5 10
5 11
5 14
6 7
6 8
6 9
6 10
6 11
6 12
7 8
7 9
7 10
7 11
7 14
8 9
8 10
8 11
8 14
9 10
9 11
9 12
9 13
9 14
9 15
9 16
9 17
10 11
10 12
10 13
10 14
10 15
10 16
10 17
11 13
11 14
11 16
11 17
12 13
12 15
12 16
13 14
13 15
13 16
13 17
13 19
13 20
14 16
14 17
15 16
15 17
15 18
15 19
16 17
16 18
16 19
16 20
17 19
17 20
18 19
18 21
18 22
19 20
19 22
19 23
19 25
20 22
20 23
20 25
20 26
21 22
21 24
21 25
21 27
22 23
22 25
22 26
22 29
23 25
23 26
23 29
24 25
24 27
24 28
24 29
25 26
25 27
25 28
25 29
26 28
26 29
27 28
27 29
28 29
30 31
30 32
30 33
30 34
30 35
30 36
31 32
31 33
31 34
31 35
31 36
32 33
32 34
32 35
33 34
33 35
33 36
34 35
34 36
34 38
35 37
35 38
35 41
36 37
36 38
36 39
36 40
36 41
36 43
36 44
37 38
37 39
37 40
37 41
37 43
37 44
38 40
38 41
38 43
38 44
39 40
39 41
39 42
39 43
39 44
40 41
40 42
40 43
40 44
40 46
40 47
40 49
41 43
41 44
42 43
42 45
42 46
42 47
42 48
42 49
42 51
43 44
43 46
43 47
43 49
44 46
45 46
45 48
45 49
45 51
45 52
45 54
46 47
46 48
46 49
47 49
47 50
47 52
47 53
48 49
48 50
48 51
48 52
48 54
48 55
49 50
49 51
49 52
49 53
50 52
50 53
50 55
50 56
50 59
51 52
51 54
51 55
52 53
52 54
52 55
52 56
52 58
52 59
53 55
53 56
53 59
54 55
54 56
54 57
54 58
54 59
55 56
55 57
55 58
55 59
56 58
56 59
57 58
57 59
58 59
65.0-80.0
NumEdges: 242
0 1
0 2
0 3
0 4
0 7
1 2
1 3
1 4
1 5
1 7
2 4
2 5
2 7
2 8
3 4
3 6
3 7
4 5
4 6
4 7
4 8
4 9
4 10
4 11
4 14
5 7
5 8
5 10
5 11
5 14
6 7
6 8
6 9
6 10
6 11
6 12
7 8
7 9
7 10
7 11
7 14
8 9
8 10
8 11
8 14
9 10
9 11
9 12
9 13
9 14
9 15
9 16
9 17
10 11
10 12
10 13
10 14
10 15
10 16
10 17
11 13
11 14
11 16
11 17
12 13
12 15
12 16
13 14
13 15
13 16
13 17
13 19
13 20
14 16
14 17
15 16
15 17
15 18
15 19
16 17
16 18
16 19
16 20
17 19
17 20
18 19
18 20
18 21
18 22
19 20
19 22
19 23
20 22
20 23
20 25
20 26
21 22
21 24
21 25
21 27
21 28
22 23
22 25
22 26
23 25
23 26
23 28
23 29
24 25
24 27
24 28
24 29
25 26
25 27
25 28
25 29
26 28
26 29
27 28
27 29
28 29
30 31
30 32
30 33
30 34
30 35
30 36
31 32
31 33
31 34
31 35
31 36
32 33
32 34
32 35
33 34
33 35
33 36
34 35
34 36
34 38
35 37
35 38
35 41
36 37
36 38
36 39
36 40
36 41
36 43
36 44
37 38
37 39
37 40
37 41
37 43
37 44
38 40
38 41
38 43
38 44
39 40
39 41
39 42
39 43
39 44
40 41
40 42
40 43
40 44
40 46
40 47
40 49
41 43
41 44
42 43
42 45
42 46
42 47
42 48
42 49
42 51
43 44
43 46
43 47
43 49
44 46
45 46
45 48
45 49
45 51
45 52
45 54
46 47
46 48
46 49
46 52
47 49
47 50
47 52
47 53
48 49
48 50
48 51
48 52
48 54
48 55
49 50
49 51
49 52
49 53
50 52
50 53
50 55
50 56
50 59
51 52
51 54
51 55
52 53
52 54
52 55
52 56
52 58
52 59
53 55
53 56
53 59
54 55
54 56
54 57
54 58
54 59
55 56
55 57
55 58
55 59
56 58
56 59
57 58
57 59
58 59
70.0-85.0
NumEdges: 245
0 1
0 2
0 3
0 4
0 7
1 2
1 3
1 4
1 7
2 3
2 4
2 5
2 7
3 4
3 6
3 7
4 5
4 6
4 7
4 8
4 9
4 10
4 11
4 14
5 7
5 8
5 10
5 11
5 14
6 7
6 8
6 9
6 10
6 11
6 12
7 8
7 9
7 10
7 11
7 14
8 9
8 10
8 11
8 13
8 14
8 16
9 10
9 11
9 12
9 13
9 14
9 15
9 16
9 17
10 11
10 12
10 13
10 14
10 15
10 16
10 17
11 13
11 14
11 16
11 17
12 13
12 15
12 16
13 14
13 15
13 16
13 17
13 19
13 20
14 16
14 17
15 16
15 17
15 18
15 19
15 20
16 17
16 18
16 19
16 20
17 19
17 20
18 19
18 20
18 21
18 22
19 20
19 22
19 23
20 22
20 23
20 25
20 26
21 22
21 24
21 25
21 27
21 28
22 23
22 25
22 26
23 25
23 26
23 28
23 29
24 25
24 27
24 28
24 29
25 26
25 27
25 28
25 29
26 28
26 29
27 28
27 29
28 29
30 31
30 32
30 33
30 34
30 36
31 32
31 33
31 34
31 35
31 36
32 33
32 34
32 35
33 34
33 35
33 36
34 35
34 36
35 36
35 37
35 38
35 41
36 37
36 38
36 39
36 40
36 41
36 43
36 44
37 38
37 39
37 40
37 41
37 43
37 44
38 41
38 43
38 44
39 40
39 41
39 42
39 43
39 44
40 41
40 42
40 43
40 44
40 46
40 47
40 49
41 43
41 44
42 43
42 45
42 46
42 47
42 48
42 49
42 51
42 52
43 44
43 46
43 47
43 49
44 46
45 46
45 48
45 49
45 51
45 52
45 54
46 47
46 48
46 49
46 50
46 52
46 53
47 49
47 50
47 52
47 53
48 49
48 50
48 51
48 52
48 54
48 55
49 50
49 51
49 52
49 53
50 52
50 53
50 55
50 56
50 59
51 52
51 54
51 55
52 53
52 54
52 55
52 56
52 58
52 59
53 55
53 56
53 59
54 55
54 56
54 57
54 58
54 59
55 56
55 57
55 58
55 59
56 58
56 59
57 58
57 59
58 59
75.0-90.0
NumEdges: 242
0 1
0 2
0 3
0 4
0 7
1 2
1 3
1 4
2 3
2 4
2 5
2 7
3 4
3 6
3 7
4 5
4 6
4 7
4 8
4 9
4 10
4 11
4 14
5 7
5 8
5 10
5 11
5 14
6 7
6 8
6 9
6 10
6 11
6 12
7 8
7 9
7 10
7 11
7 14
8 9
8 10
8 11
8 13
8 14
8 16
8 17
9 10
9 11
9 12
9 13
9 14
9 15
9 16
9 17
10 11
10 12
10 13
10 14
10 15
10 16
10 17
11 13
11 14
11 16
11 17
12 13
12 15
12 16
13 14
13 15
13 16
13 17
13 19
13 20
14 16
14 17
15 16
15 17
15 18
15 19
15 20
16 17
16 19
16 20
17 19
17 20
18 19
18 20
18 21
18 22
19 20
19 22
19 23
20 22
20 23
20 25
20 26
21 22
21 24
21 25
21 27
21 28
22 23
22 25
22 26
23 25
23 26
23 28
23 29
24 25
24 27
24 28
24 29
25 26
25 27
25 28
25 29
26 28
26 29
27 28
27 29
28 29
30 31
30 33
30 34
31 32
31 33
31 34
31 35
31 36
32 33
32 34
32 35
33 34
33 35
33 36
34 35
34 36
34 38
35 36
35 37
35 38
35 41
36 37
36 39
36 40
36 41
36 43
36 44
37 38
37 39
37 40
37 41
37 43
37 44
38 41
38 44
39 40
39 42
39 43
39 44
40 41
40 42
40 43
40 44
40 45
40 46
40 47
40 49
41 43
41 44
42 43
42 45
42 46
42 47
42 48
42 49
42 51
42 52
43 44
43 46
43 47
43 49
44 46
45 46
45 48
45 49
45 51
45 52
45 54
46 47
46 48
46 49
46 50
46 52
46 53
47 49
47 50
47 52
47 53
48 49
48 50
48 51
48 52
48 54
48 55
49 50
49 51
49 52
49 53
50 52
50 53
50 54
50 55
50 56
50 59
51 52
51 54
51 55
52 53
52 54
52 55
52 56
52 58
52 59
53 55
53 56
53 59
54 55
54 56
54 57
54 58
54 59
55 56
55 57
55 58
55 59
56 58
56 59
57 58
57 59
58 59
80.0-95.0
NumEdges: 241
0 1
0 2
0 3
0 4
0 7
1 2
1 3
1 4
2 3
2 4
2 5
2 7
2 8
3 4
3 6
3 7
4 5
4 6
4 7
4 8
4 10
4 11
5 7
5 8
5 10
5 11
5 14
6 7
6 8
6 9
6 10
6 11
6 12
7 8
7 9
7 10
7 11
7 14
8 9
8 10
8 11
8 13
8 14
8 16
8 17
9 10
9 11
9 12
9 13
9 14
9 15
9 16
9 17
10 11
10 12
10 13
10 14
10 15
10 16
10 17
11 13
11 14
11 16
11 17
12 13
12 15
12 16
13 14
13 15
13 16
13 17
13 19
13 20
14 16
14 17
15 16
15 17
15 18
15 19
15 20
16 17
16 19
16 20
17 19
17 20
18 19
18 20
18 21
18 22
19 20
19 22
19 23
20 22
20 23
20 25
20 26
21 22
21 24
21 25
21 27
21 28
22 23
22 25
22 26
23 25
23 26
23 28
23 29
24 25
24 27
24 28
24 29
25 26
25 27
25 28
25 29
26 28
26 29
27 28
27 29
28 29
30 31
30 33
30 34
31 32
31 33
31 34
31 35
31 36
32 33
32 34
32 35
33 34
33 35
34 35
34 36
34 38
35 36
35 37
35 38
35 41
36 37
36 39
36 40
36 41
36 43
36 44
37 38
37 39
37 40
37 41
37 43
37 44
38 41
38 44
39 40
39 43
39 44
40 41
40 42
40 43
40 44
40 45
40 46
40 47
40 49
41 43
41 44
42 43
42 45
42 46
42 47
42 48
42 49
42 50
42 51
42 52
43 44
43 45
43 46
43 47
43 49
44 46
44 47
45 46
45 48
45 49
45 51
45 52
45 54
46 47
46 48
46 49
46 50
46 52
46 53
47 49
47 50
47 52
47 53
48 49
48 50
48 51
48 52
48 54
48 55
48 56
49 50
49 52
49 53
50 52
50 53
50 54
50 55
50 56
50 59
51 52
51 54
51 55
52 53
52 54
52 55
52 56
52 59
53 55
53 56
53 59
54 55
54 56
54 57
54 58
54 59
55 56
55 57
55 58
55 59
56 58
56 59
57 58
57 59
58 59
85.0-100.0
NumEdges: 243
0 1
0 2
0 3
0 4
0 7
1 2
1 3
1 4
2 3
2 4
2 5
2 7
2 8
3 4
3 6
3 7
4 5
4 6
4 7
4 8
4 10
4 11
4 14
5 7
5 8
5 10
5 11
5 14
6 7
6 8
6 9
6 10
6 11
6 12
7 8
7 9
7 10
7 11
7 14
8 9
8 10
8 11
8 13
8 14
8 16
8 17
9 10
9 11
9 12
9 13
9 14
9 15
9 16
9 17
9 19
10 11
10 12
10 13
10 14
10 15
10 16
10 17
11 13
11 14
11 16
11 17
12 13
12 15
12 16
13 14
13 15
13 16
13 17
13 19
13 20
14 16
14 17
15 16
15 17
15 18
15 19
15 20
16 17
16 19
16 20
17 19
17 20
18 19
18 20
18 21
18 22
19 20
19 22
20 22
20 23
20 25
20 26
21 22
21 24
21 25
21 27
21 28
22 23
22 25
22 26
22 28
23 25
23 26
23 28
23 29
24 25
24 27
24 28
24 29
25 26
25 27
25 28
25 29
26 28
26 29
27 28
27 29
28 29
30 31
30 33
30 34
31 32
31 33
31 34
31 35
31 36
32 33
32 34
32 35
33 34
33 35
34 35
34 36
34 38
35 36
35 37
35 38
35 41
36 37
36 39
36 41
36 43
36 44
37 38
37 39
37 40
37 41
37 43
37 44
38 41
38 44
39 40
39 43
39 44
40 41
40 42
40 43
40 44
40 45
40 46
40 47
40 49
41 43
41 44
42 43
42 45
42 46
42 47
42 48
42 49
42 50
42 51
42 52
43 44
43 45
43 46
43 47
43 49
44 46
44 47
45 46
45 48
45 49
45 51
45 52
45 54
46 47
46 48
46 49
46 50
46 52
46 53
47 49
47 50
47 52
47 53
48 49
48 50
48 51
48 52
48 54
48 55
48 56
49 50
49 52
49 53
50 52
50 53
50 54
50 55
50 56
50 58
50 59
51 52
51 54
51 55
52 53
52 54
52 55
52 56
52 59
53 55
53 56
53 59
54 55
54 56
54 57
54 58
54 59
55 56
55 57
55 58
55 59
56 58
56 59
57 58
57 59
58 59
90.0-105.0
NumEdges: 244
0 1
0 2
0 3
0 4
1 2
1 3
2 3
2 4
2 5
2 7
2 8
3 4
3 6
3 7
4 5
4 6
4 7
4 8
4 10
4 11
4 14
5 7
5 8
5 10
5 11
5 14
6 7
6 8
6 9
6 10
6 11
6 12
7 8
7 9
7 10
7 11
7 14
8 9
8 10
8 11
8 13
8 14
8 17
9 10
9 11
9 12
9 13
9 14
9 15
9 16
9 17
9 19
10 11
10 12
10 13
10 14
10 15
10 16
10 17
11 13
11 14
11 16
11 17
12 13
12 15
12 16
13 14
13 15
13 16
13 17
13 19
13 20
14 16
14 17
15 16
15 17
15 18
15 19
15 20
16 17
16 19
16 20
17 19
17 20
18 19
18 20
18 21
18 22
19 20
19 22
20 22
20 23
20 25
20 26
21 22
21 24
21 25
21 27
21 28
22 23
22 25
22 26
22 28
22 29
23 25
23 26
23 28
23 29
24 25
24 27
24 28
24 29
25 26
25 27
25 28
25 29
26 28
26 29
27 28
27 29
28 29
30 31
30 33
30 34
31 32
31 33
31 34
31 35
31 36
32 33
32 34
32 35
33 34
33 35
34 35
34 36
34 37
34 38
34 41
35 36
35 37
35 38
35 41
36 37
36 39
36 41
36 43
36 44
37 38
37 39
37 40
37 41
37 43
37 44
38 41
38 44
39 40
39 43
39 44
40 41
40 42
40 43
40 44
40 45
40 46
40 47
40 49
41 43
41 44
42 43
42 45
42 46
42 47
42 48
42 49
42 50
42 51
42 52
43 44
43 45
43 46
43 47
43 49
44 46
44 47
45 46
45 48
45 49
45 50
45 51
45 52
45 54
46 47
46 48
46 49
46 50
46 52
46 53
47 49
47 50
47 52
47 53
48 49
48 50
48 51
48 52
48 54
48 55
48 56
49 50
49 52
49 53
49 56
50 52
50 53
50 54
50 55
50 56
50 58
50 59
51 52
51 54
51 55
52 53
52 54
52 55
52 56
52 59
53 55
53 56
54 55
54 56
54 57
54 58
54 59
55 56
55 57
55 58
55 59
56 58
56 59
57 58
57 59
58 59
95.0-110.0
NumEdges: 241
0 1
0 2
0 3
0 4
1 2
1 3
2 3
2 4
2 5
2 7
2 8
3 4
3 6
3 7
4 5
4 6
4 7
4 8
4 10
4 11
4 14
5 7
5 8
5 10
5 11
5 14
6 7
6 8
6 9
6 10
6 11
6 12
7 8
7 9
7 10
7 11
7 14
8 9
8 10
8 11
8 14
8 17
9 10
9 11
9 12
9 13
9 14
9 15
9 16
9 17
9 19
10 11
10 12
10 13
10 14
10 15
10 16
10 17
11 12
11 13
11 14
11 16
11 17
12 13
12 15
12 16
13 14
13 15
13 16
13 17
13 19
14 16
14 17
15 16
15 17
15 18
15 19
16 17
16 19
16 20
17 19
17 20
18 19
18 21
18 22
19 20
19 22
20 22
20 23
20 25
20 26
21 22
21 24
21 25
21 27
21 28
21 29
22 23
22 25
22 26
22 28
22 29
23 25
23 26
23 28
23 29
24 25
24 27
24 28
24 29
25 26
25 27
25 28
25 29
26 28
26 29
27 28
27 29
28 29
30 31
30 33
30 34
31 32
31 33
31 34
31 35
32 33
32 34
32 35
33 34
34 35
34 36
34 37
34 38
34 41
35 37
35 38
35 41
36 37
36 39
36 41
36 43
37 38
37 39
37 40
37 41
37 43
37 44
38 40
38 41
38 43
38 44
39 40
39 41
39 43
39 44
39 46
40 41
40 42
40 43
40 44
40 45
40 46
40 47
40 49
41 43
41 44
42 43
42 45
42 46
42 47
42 48
42 49
42 50
42 51
42 52
43 44
43 45
43 46
43 47
43 49
44 46
44 47
45 46
45 48
45 49
45 50
45 51
45 52
45 54
46 47
46 48
46 49
46 50
46 52
46 53
47 49
47 50
47 52
47 53
48 49
48 50
48 51
48 52
48 54
48 55
48 56
49 50
49 52
49 53
49 56
50 52
50 53
50 54
50 55
50 56
50 58
50 59
51 52
51 54
51 55
52 53
52 54
52 55
52 56
52 59
53 56
54 55
54 56
54 57
54 58
54 59
55 56
55 57
55 58
55 59
56 58
56 59
57 58
57 59
58 59
100.0-115.0
NumEdges: 240
0 1
0 2
0 3
0 4
1 2
1 3
2 3
2 4
2 5
2 7
2 8
3 4
3 6
3 7
4 5
4 6
4 7
4 8
4 10
4 11
4 14
5 7
5 8
5 10
5 11
5 14
6 7
6 8
6 9
6 10
6 11
6 12
7 8
7 9
7 10
7 11
7 14
8 9
8 10
8 11
8 14
9 10
9 11
9 12
9 13
9 14
9 15
9 16
9 17
9 19
10 11
10 12
10 13
10 14
10 15
10 16
10 17
11 12
11 13
11 14
11 16
11 17
12 13
12 15
12 16
13 14
13 15
13 16
13 17
13 19
14 16
14 17
15 16
15 17
15 18
15 19
16 17
16 18
16 19
16 20
17 19
17 20
18 19
18 21
18 22
19 20
19 22
20 22
20 23
20 25
20 26
21 22
21 24
21 25
21 27
21 28
21 29
22 23
22 25
22 26
22 28
22 29
23 25
23 26
23 28
23 29
24 25
24 27
24 28
24 29
25 26
25 27
25 28
25 29
26 28
26 29
27 28
27 29
28 29
30 31
30 33
30 34
31 32
31 33
31 34
31 35
32 34
32 35
33 34
33 35
34 35
34 36
34 37
34 38
34 41
35 37
35 38
35 41
36 37
36 39
36 41
37 38
37 39
37 40
37 41
37 43
37 44
38 40
38 41
38 43
38 44
39 40
39 41
39 43
39 44
39 46
40 41
40 42
40 43
40 44
40 46
40 47
40 49
41 43
41 44
42 43
42 45
42 46
42 47
42 48
42 49
42 50
42 51
42 52
43 44
43 45
43 46
43 47
43 49
44 46
44 47
45 46
45 48
45 49
45 50
45 51
45 52
45 54
46 47
46 48
46 49
46 50
46 52
47 49
47 50
47 52
47 53
48 49
48 50
48 51
48 52
48 54
48 55
48 56
49 50
49 52
49 53
49 56
50 52
50 53
50 54
50 55
50 56
50 58
50 59
51 52
51 54
51 55
51 56
52 53
52 54
52 55
52 56
52 58
52 59
53 56
53 59
54 55
54 56
54 57
54 58
54 59
55 56
55 57
55 58
55 59
56 58
56 59
57 58
58 59
110.0-125.0
NumEdges: 242
0 1
0 2
0 3
0 4
1 2
2 3
2 4
2 5
2 7
2 8
3 4
3 6
3 7
3 10
3 11
4 5
4 6
4 7
4 8
4 10
4 11
4 14
5 7
5 8
5 10
5 11
5 14
6 7
6 8
6 9
6 10
6 11
6 12
6 15
7 8
7 9
7 10
7 11
7 14
8 9
8 10
8 11
8 14
9 10
9 11
9 12
9 13
9 14
9 15
9 16
9 17
9 19
10 11
10 12
10 13
10 14
10 15
10 16
10 17
11 12
11 13
11 14
11 16
11 17
12 13
12 15
12 16
13 14
13 15
13 16
13 17
13 19
13 20
14 16
14 17
15 16
15 17
15 18
15 19
16 17
16 18
16 19
16 20
17 19
17 20
18 19
18 21
18 22
19 20
19 22
20 22
20 23
20 25
20 26
21 22
21 24
21 25
21 27
21 28
21 29
22 23
22 25
22 26
22 28
22 29
23 25
23 26
23 28
23 29
24 25
24 27
24 28
24 29
25 26
25 27
25 28
25 29
26 28
26 29
27 28
27 29
28 29
30 31
30 33
30 34
31 32
31 33
31 34
31 35
32 34
32 35
33 34
33 35
34 35
34 36
34 37
34 38
34 41
35 37
35 38
35 41
36 37
36 39
36 41
37 38
37 39
37 40
37 41
37 43
37 44
38 40
38 41
38 43
38 44
39 40
39 41
39 43
39 44
39 46
40 41
40 42
40 43
40 44
40 45
40 46
40 47
40 49
41 43
41 44
42 43
42 45
42 46
42 47
42 48
42 49
42 50
42 51
42 52
43 44
43 45
43 46
43 47
43 49
44 46
44 47
45 46
45 48
45 49
45 50
45 51
45 52
45 54
46 47
46 48
46 49
46 50
46 52
47 49
47 50
47 52
47 53
48 49
48 50
48 51
48 52
48 54
48 55
48 56
49 50
49 51
49 52
49 53
50 52
50 53
50 55
50 56
50 59
51 52
51 54
51 55
51 56
52 53
52 54
52 55
52 56
52 58
52 59
53 56
53 59
54 55
54 56
54 57
54 58
54 59
55 56
55 57
55 58
55 59
56 58
56 59
57 58
58 59
115.0-130.0
NumEdges: 243
0 1
0 2
0 3
0 4
1 2
2 4
2 5
2 7
2 8
3 4
3 6
3 7
3 10
3 11
3 12
4 5
4 6
4 7
4 8
4 10
4 11
4 14
5 7
5 8
5 10
5 11
5 14
6 7
6 8
6 9
6 10
6 11
6 12
6 15
7 8
7 9
7 10
7 11
7 14
8 9
8 10
8 11
8 14
9 10
9 11
9 12
9 13
9 14
9 15
9 16
9 17
9 19
10 11
10 12
10 13
10 14
10 15
10 16
10 17
11 12
11 13
11 14
11 16
11 17
12 13
12 15
13 14
13 15
13 16
13 17
13 19
13 20
14 16
14 17
15 16
15 17
15 18
15 19
16 17
16 18
16 19
16 20
17 19
17 20
18 19
18 21
18 22
19 20
19 22
20 22
20 23
20 25
20 26
21 22
21 24
21 25
21 27
21 28
21 29
22 23
22 25
22 26
22 28
22 29
23 25
23 26
23 28
23 29
24 25
24 27
24 28
24 29
25 26
25 27
25 28
25 29
26 28
26 29
27 28
27 29
28 29
30 31
30 33
30 34
31 32
31 33
31 34
31 35
32 33
32 34
32 35
33 34
33 35
34 35
34 36
34 37
34 38
34 41
35 37
35 38
35 41
35 44
36 37
36 39
36 41
37 38
37 39
37 40
37 41
37 43
37 44
38 40
38 41
38 43
38 44
39 40
39 41
39 43
39 46
40 41
40 42
40 43
40 44
40 45
40 46
40 47
40 49
41 43
41 44
42 43
42 45
42 46
42 47
42 48
42 49
42 50
42 51
42 52
43 44
43 45
43 46
43 47
43 49
44 47
45 46
45 47
45 48
45 49
45 50
45 51
45 52
45 54
46 47
46 48
46 49
46 50
46 51
46 52
47 49
47 50
47 52
47 53
48 49
48 50
48 51
48 52
48 54
48 55
48 56
48 58
49 50
49 51
49 52
49 53
50 52
50 53
50 55
50 56
50 59
51 52
51 54
51 55
52 53
52 54
52 55
52 56
52 58
52 59
53 56
53 59
54 55
54 56
54 57
54 58
54 59
55 56
55 57
55 58
55 59
56 58
56 59
57 58
58 59
120.0-135.0
NumEdges: 242
0 1
0 2
0 3
0 4
1 2
2 4
2 5
2 7
2 8
3 4
3 6
3 7
3 10
3 11
3 12
4 5
4 6
4 7
4 8
4 10
4 11
4 14
5 7
5 8
5 10
5 11
5 14
6 7
6 8
6 9
6 10
6 11
6 12
6 15
7 8
7 9
7 10
7 11
7 14
8 9
8 10
8 11
8 14
9 10
9 11
9 12
9 13
9 14
9 15
9 16
9 17
9 19
10 11
10 12
10 13
10 14
10 15
10 16
10 17
11 12
11 13
11 14
11 15
11 16
11 17
12 13
12 15
13 14
13 15
13 16
13 17
13 19
13 20
14 16
14 17
15 16
15 17
15 18
15 19
16 17
16 18
16 19
16 20
17 19
17 20
18 19
18 21
18 22
19 20
19 22
20 22
20 23
20 25
20 26
21 22
21 24
21 25
21 27
21 28
22 23
22 25
22 26
22 28
22 29
23 25
23 26
23 28
23 29
24 25
24 27
24 28
24 29
25 26
25 27
25 28
25 29
26 28
26 29
27 28
27 29
28 29
30 31
30 33
30 34
31 32
31 33
31 34
31 35
32 33
32 34
32 35
33 34
33 35
34 35
34 36
34 37
34 38
34 41
35 37
35 38
35 41
35 44
36 37
36 39
36 40
36 41
37 38
37 39
37 40
37 41
37 43
37 44
38 40
38 41
38 44
39 40
39 41
39 43
39 46
40 41
40 42
40 43
40 44
40 45
40 46
40 47
40 49
41 43
41 44
42 43
42 45
42 46
42 48
42 49
42 50
42 51
42 52
43 44
43 45
43 46
43 47
43 49
44 47
45 46
45 47
45 48
45 49
45 50
45 51
45 52
46 47
46 48
46 49
46 50
46 51
46 52
47 49
47 50
47 52
47 53
48 49
48 50
48 51
48 52
48 54
48 55
48 56
48 58
49 50
49 51
49 52
49 53
50 52
50 53
50 55
50 56
50 58
50 59
51 52
51 54
51 55
52 53
52 54
52 55
52 56
52 58
52 59
53 56
53 59
54 55
54 56
54 57
54 58
54 59
55 56
55 57
55 58
55 59
56 58
56 59
57 58
58 59
125.0-140.0
NumEdges: 241
0 1
0 2
0 3
1 2
2 4
2 5
2 7
2 8
3 4
3 6
3 7
3 10
3 11
3 12
4 5
4 6
4 7
4 8
4 10
4 11
4 14
5 7
5 8
5 10
5 11
5 14
6 7
6 8
6 9
6 10
6 11
6 12
6 15
7 8
7 9
7 10
7 11
7 14
8 9
8 10
8 11
8 14
9 10
9 11
9 12
9 13
9 14
9 15
9 16
9 17
9 19
10 11
10 12
10 13
10 14
10 15
10 16
10 17
11 12
11 13
11 14
11 15
11 16
11 17
12 13
12 15
13 14
13 15
13 16
13 17
13 19
13 20
14 16
14 17
15 16
15 17
15 18
15 19
16 17
16 18
16 19
16 20
17 19
17 20
18 19
18 21
18 22
19 20
19 22
20 22
20 23
20 26
21 22
21 24
21 25
21 27
21 28
21 29
22 23
22 25
22 26
22 28
22 29
23 25
23 26
23 28
23 29
24 25
24 27
24 28
24 29
25 26
25 27
25 28
25 29
26 28
26 29
27 28
27 29
28 29
30 31
30 33
30 34
31 32
31 33
31 34
31 35
32 33
32 34
32 35
33 34
33 35
34 35
34 36
34 37
34 38
34 41
35 37
35 38
35 41
35 44
36 37
36 39
36 40
36 41
37 38
37 39
37 40
37 41
37 43
37 44
38 40
38 41
38 44
39 40
39 41
39 43
39 46
40 41
40 42
40 43
40 44
40 45
40 46
40 47
40 49
41 43
41 44
42 43
42 45
42 46
42 48
42 49
42 50
42 51
42 52
43 44
43 45
43 46
43 47
43 49
44 47
45 46
45 47
45 48
45 49
45 50
45 51
45 52
46 47
46 48
46 49
46 50
46 51
46 52
47 49
47 50
47 52
47 53
48 49
48 50
48 51
48 52
48 54
48 55
48 56
48 58
48 59
49 50
49 51
49 52
49 53
50 52
50 53
50 55
50 56
50 58
50 59
51 52
51 54
52 53
52 54
52 55
52 56
52 58
52 59
53 56
53 59
54 55
54 56
54 57
54 58
54 59
55 56
55 57
55 58
55 59
56 58
56 59
57 58
58 59
130.0-145.0
NumEdges: 244
0 1
0 2
0 3
1 2
2 4
2 5
2 7
2 8
3 4
3 6
3 7
3 11
4 5
4 6
4 7
4 8
4 9
4 10
4 11
4 14
5 7
5 8
5 10
5 11
5 14
6 7
6 8
6 9
6 10
6 11
6 12
6 15
7 8
7 9
7 10
7 11
7 14
8 9
8 10
8 11
8 14
9 10
9 11
9 12
9 13
9 14
9 15
9 16
9 17
9 19
10 11
10 12
10 13
10 14
10 15
10 16
10 17
11 12
11 13
11 14
11 15
11 16
11 17
12 13
12 15
13 14
13 15
13 16
13 17
13 19
13 20
14 16
14 17
15 16
15 17
15 18
15 19
16 17
16 18
16 19
16 20
17 19
17 20
18 19
18 21
18 22
19 20
19 22
20 22
20 23
20 25
20 26
21 22
21 24
21 25
21 27
21 28
21 29
22 23
22 25
22 26
22 27
22 28
22 29
23 25
23 26
23 28
23 29
24 25
24 27
24 28
24 29
25 26
25 27
25 28
25 29
26 28
26 29
27 28
27 29
28 29
30 31
30 33
30 34
31 32
31 33
31 34
31 35
32 33
32 34
32 35
33 34
33 35
34 35
34 36
34 37
34 38
34 41
34 44
35 37
35 38
35 41
35 44
36 37
36 39
36 40
36 41
37 38
37 39
37 40
37 41
37 43
37 44
38 40
38 41
38 43
38 44
39 40
39 41
39 43
39 44
39 46
40 41
40 43
40 44
40 46
40 47
40 49
41 43
41 44
42 43
42 45
42 46
42 48
42 49
42 50
42 51
42 52
43 44
43 45
43 46
43 47
43 49
44 47
45 46
45 47
45 48
45 49
45 50
45 51
45 52
46 47
46 48
46 49
46 50
46 51
46 52
47 49
47 50
47 52
47 53
48 49
48 50
48 51
48 52
48 54
48 55
48 56
48 58
48 59
49 50
49 51
49 52
49 53
50 51
50 52
50 53
50 55
50 56
50 58
50 59
51 52
51 54
52 53
52 54
52 55
52 56
52 58
52 59
53 56
53 59
54 55
54 56
54 57
54 58
54 59
55 56
55 57
55 58
55 59
56 58
56 59
57 58
58 59
140.0-155.0
NumEdges: 247
0 1
0 2
0 3
1 2
2 4
2 5
2 7
2 8
3 4
3 6
3 7
4 5
4 6
4 7
4 8
4 9
4 10
4 11
4 14
5 7
5 8
5 14
6 7
6 8
6 9
6 10
6 11
6 12
7 8
7 9
7 10
7 11
7 14
8 9
8 10
8 11
8 13
8 14
9 10
9 11
9 12
9 13
9 14
9 15
9 16
9 17
9 19
10 11
10 12
10 13
10 14
10 15
10 16
10 17
10 19
11 12
11 13
11 14
11 15
11 16
11 17
12 13
12 15
12 16
13 14
13 15
13 16
13 17
13 19
14 16
14 17
14 19
15 16
15 17
15 18
15 19
16 17
16 18
16 19
16 20
17 19
17 20
18 19
18 21
18 22
19 20
19 22
20 22
20 23
20 25
20 26
21 22
21 24
21 25
21 27
21 28
21 29
22 23
22 25
22 26
22 27
22 28
22 29
23 25
23 26
23 28
23 29
24 25
24 27
24 28
24 29
25 26
25 27
25 28
25 29
26 27
26 28
26 29
26 59
27 28
27 29
28 29
29 59
30 31
30 33
30 34
31 32
31 33
31 34
31 35
32 33
32 34
32 35
33 34
33 35
34 35
34 36
34 37
34 38
34 41
34 44
35 37
35 38
35 41
35 44
36 37
36 39
36 40
36 41
37 38
37 39
37 40
37 41
37 43
37 44
38 40
38 41
38 43
38 44
39 40
39 41
39 43
39 44
39 46
40 41
40 43
40 44
40 46
40 47
40 49
41 43
41 44
42 43
42 45
42 46
42 48
42 49
42 50
42 51
42 52
43 44
43 45
43 46
43 47
43 49
45 46
45 47
45 48
45 49
45 50
45 51
45 52
45 56
46 47
46 48
46 49
46 50
46 51
46 52
47 49
47 50
47 52
47 53
48 49
48 50
48 51
48 52
48 54
48 55
48 56
48 58
48 59
49 50
49 52
49 53
50 51
50 52
50 53
50 55
50 56
50 58
50 59
51 52
51 54
51 55
51 56
52 53
52 54
52 55
52 56
52 58
52 59
53 56
53 59
54 55
54 56
54 57
54 58
54 59
55 56
55 57
55 58
55 59
56 58
56 59
57 58
58 59
150.0-165.0
NumEdges: 250
0 1
0 2
0 3
1 2
2 4
2 5
2 7
2 8
3 4
3 6
3 7
4 5
4 6
4 7
4 8
4 9
4 10
4 11
4 13
4 14
5 7
5 8
5 10
5 14
6 7
6 8
6 9
6 10
6 11
6 12
7 8
7 9
7 10
7 11
7 13
7 14
8 9
8 10
8 11
8 13
8 14
9 10
9 11
9 12
9 13
9 14
9 15
9 16
9 17
9 19
10 11
10 12
10 13
10 14
10 15
10 16
10 17
10 19
11 12
11 13
11 14
11 15
11 16
11 17
12 13
12 15
12 16
13 14
13 15
13 16
13 17
13 19
14 16
14 17
14 19
15 16
15 17
15 18
15 19
16 17
16 19
16 20
17 19
17 20
17 22
18 19
18 21
18 22
19 20
19 22
20 22
20 23
20 26
21 22
21 24
21 25
21 27
21 28
21 29
22 23
22 25
22 26
22 27
22 28
22 29
23 25
23 26
23 28
23 29
23 55
23 56
23 58
23 59
24 25
24 27
24 28
24 29
25 26
25 27
25 28
25 29
26 27
26 28
26 29
26 59
27 28
27 29
28 29
28 53
28 59
29 53
29 59
30 31
30 33
30 34
31 32
31 33
31 34
31 35
32 33
32 34
32 35
33 34
33 35
34 35
34 36
34 37
34 38
34 41
34 44
35 37
35 38
35 41
36 37
36 39
36 40
36 41
36 43
37 38
37 39
37 40
37 41
37 43
37 44
38 40
38 41
38 44
39 40
39 41
39 43
40 41
40 43
40 44
40 46
40 49
41 43
41 44
42 43
42 45
42 46
42 48
42 49
42 50
42 51
42 52
42 56
43 44
43 45
43 46
43 47
43 49
44 49
45 46
45 47
45 48
45 49
45 50
45 51
45 52
45 56
46 47
46 48
46 49
46 50
46 51
46 52
47 49
47 50
47 52
47 53
48 50
48 51
48 52
48 54
48 55
48 56
48 58
48 59
50 51
50 52
50 53
50 55
50 56
50 58
50 59
51 52
51 54
51 55
51 56
51 58
52 53
52 55
52 56
52 58
52 59
53 56
53 59
54 55
54 56
54 57
54 58
54 59
55 56
55 57
55 58
55 59
56 58
56 59
57 58
58 59
155.0-170.0
NumEdges: 258
0 1
0 2
0 3
1 2
2 4
2 5
2 7
2 8
3 4
3 6
3 7
4 5
4 6
4 7
4 8
4 9
4 10
4 11
4 13
4 14
5 7
5 8
5 10
5 14
6 7
6 8
6 9
6 10
6 11
6 12
7 8
7 9
7 10
7 11
7 13
7 14
8 9
8 10
8 11
8 13
8 14
9 10
9 11
9 12
9 13
9 14
9 15
9 16
9 17
9 19
10 11
10 12
10 13
10 14
10 15
10 16
10 17
11 12
11 13
11 14
11 15
11 16
11 17
12 13
12 15
12 16
13 14
13 15
13 16
13 17
13 19
14 16
14 17
14 19
15 16
15 17
15 18
15 19
16 17
16 19
16 20
17 19
17 20
17 22
18 19
18 20
18 21
18 22
19 20
19 22
20 22
20 23
20 26
20 59
21 22
21 24
21 25
21 27
21 28
21 29
22 23
22 25
22 26
22 28
22 29
23 25
23 26
23 28
23 29
23 50
23 52
23 53
23 55
23 56
23 58
23 59
24 25
24 27
24 28
24 29
25 26
25 27
25 28
25 29
25 53
26 27
26 28
26 29
26 53
26 56
26 59
27 28
27 29
28 29
28 53
28 59
29 50
29 53
29 56
29 59
30 31
30 33
30 34
31 32
31 33
31 34
31 35
32 33
32 34
32 35
33 34
33 35
34 35
34 36
34 37
34 38
34 41
35 37
35 38
35 41
36 37
36 39
36 40
36 41
36 43
37 38
37 39
37 40
37 41
37 43
37 44
38 40
38 41
38 44
39 40
39 41
39 43
40 41
40 43
40 44
40 46
40 49
41 43
41 44
42 43
42 45
42 46
42 48
42 49
42 50
42 51
42 52
42 56
43 44
43 45
43 46
43 47
43 49
44 49
45 46
45 47
45 48
45 49
45 50
45 51
45 52
45 53
45 56
46 47
46 48
46 49
46 51
46 52
47 49
47 50
47 52
47 53
48 50
48 51
48 52
48 54
48 55
48 56
48 58
48 59
50 51
50 52
50 53
50 55
50 56
50 58
50 59
51 52
51 54
51 55
51 56
51 58
52 53
52 54
52 55
52 56
52 58
52 59
53 56
53 59
54 55
54 56
54 57
54 58
54 59
55 56
55 57
55 58
55 59
56 58
56 59
57 58
58 59
160.0-175.0
NumEdges: 253
0 1
0 2
0 3
1 2
2 4
2 5
2 7
2 8
3 4
3 6
3 7
4 5
4 6
4 7
4 8
4 9
4 10
4 11
4 13
4 14
5 7
5 8
5 10
5 14
6 7
6 8
6 9
6 10
6 11
6 12
7 8
7 9
7 10
7 11
7 13
7 14
8 9
8 10
8 11
8 13
8 14
9 10
9 11
9 12
9 13
9 14
9 15
9 16
9 17
9 19
10 11
10 12
10 13
10 14
10 15
10 16
10 17
11 12
11 13
11 14
11 15
11 16
11 17
12 13
12 15
12 16
13 14
13 15
13 16
13 17
13 19
14 16
14 17
14 19
15 16
15 17
15 18
15 19
16 17
16 19
16 20
17 18
17 19
17 20
17 22
18 19
18 20
18 21
18 22
19 20
19 22
20 22
20 23
20 26
20 59
21 22
21 24
21 25
21 27
21 28
22 23
22 25
22 26
22 29
23 25
23 26
23 28
23 29
23 50
23 52
23 53
23 55
23 56
23 58
23 59
24 25
24 27
24 28
24 29
25 26
25 27
25 28
25 29
25 53
26 27
26 28
26 29
26 53
26 56
26 59
27 28
27 29
28 29
28 47
28 53
28 59
29 47
29 50
29 53
29 56
29 59
30 31
30 33
30 34
31 32
31 33
31 34
31 35
32 33
32 34
32 35
33 34
33 35
34 35
34 36
34 37
34 38
34 41
35 37
35 38
35 41
36 37
36 39
36 40
36 41
36 43
37 38
37 39
37 40
37 41
37 43
37 44
38 40
38 41
38 43
38 44
39 40
39 41
39 43
40 41
40 43
40 44
40 46
40 49
41 43
41 44
42 43
42 45
42 46
42 48
42 49
42 50
42 51
42 52
42 56
43 44
43 46
43 47
43 49
45 46
45 47
45 48
45 49
45 50
45 51
45 52
45 53
45 56
46 47
46 48
46 49
46 50
46 51
47 49
47 50
47 53
48 50
48 51
48 52
48 54
48 55
48 56
48 58
50 51
50 52
50 53
50 55
50 56
50 58
50 59
51 52
51 54
51 55
51 56
51 58
52 53
52 54
52 55
52 56
52 58
52 59
53 56
54 55
54 57
54 58
55 56
55 57
55 58
55 59
56 58
56 59
57 58
58 59
165.0-180.0
NumEdges: 258
0 1
0 2
0 3
1 2
2 4
2 5
2 7
2 8
3 4
3 6
3 7
3 11
4 5
4 6
4 7
4 8
4 9
4 10
4 11
4 13
4 14
5 7
5 8
5 10
5 14
6 7
6 8
6 9
6 10
6 11
6 12
7 8
7 9
7 10
7 11
7 13
7 14
8 9
8 10
8 11
8 13
8 14
9 10
9 11
9 12
9 13
9 14
9 15
9 16
9 17
9 19
10 11
10 12
10 13
10 14
10 15
10 16
10 17
10 19
11 12
11 13
11 14
11 15
11 16
11 17
12 13
12 15
12 16
13 14
13 15
13 16
13 17
13 19
14 16
14 17
14 19
15 16
15 17
15 18
15 19
16 17
16 19
16 20
17 18
17 19
17 20
17 22
18 19
18 20
18 21
18 22
19 20
19 22
20 22
20 23
20 26
20 56
20 59
21 22
21 24
21 25
21 26
21 27
21 28
22 23
22 25
22 26
22 29
23 25
23 26
23 28
23 29
23 47
23 50
23 52
23 53
23 55
23 56
23 58
23 59
24 25
24 26
24 27
24 28
24 29
25 26
25 27
25 28
25 29
25 53
26 27
26 28
26 29
26 53
26 56
26 59
27 28
27 29
28 29
28 47
28 53
28 59
29 47
29 50
29 53
29 56
29 59
30 31
30 33
30 34
31 32
31 33
31 34
31 35
32 33
32 34
32 35
33 34
33 35
34 35
34 36
34 37
34 38
34 41
35 37
35 38
35 41
36 37
36 39
36 40
36 41
36 43
37 38
37 39
37 40
37 41
37 43
37 44
38 40
38 41
38 43
38 44
39 40
39 41
39 43
40 41
40 43
40 44
40 49
41 43
41 44
42 45
42 46
42 48
42 49
42 50
42 51
42 52
42 56
43 44
43 46
43 47
43 49
45 46
45 47
45 48
45 49
45 50
45 51
45 52
45 53
45 56
46 47
46 48
46 49
46 50
46 51
46 52
47 49
47 50
47 53
48 50
48 51
48 52
48 54
48 55
48 56
48 58
50 51
50 52
50 53
50 55
50 56
50 58
50 59
51 52
51 54
51 55
51 56
51 58
52 53
52 54
52 55
52 56
52 58
52 59
53 56
54 55
54 57
54 58
55 56
55 57
55 58
55 59
56 58
56 59
57 58
58 59
175.0-190.0
NumEdges: 265
0 1
0 2
0 3
0 4
1 2
2 4
2 5
2 7
2 8
3 4
3 6
3 7
3 11
4 5
4 6
4 7
4 8
4 9
4 10
4 11
4 14
5 7
5 8
5 14
6 7
6 8
6 9
6 11
7 8
7 9
7 10
7 11
7 13
7 14
8 9
8 10
8 11
8 13
8 14
9 10
9 11
9 12
9 13
9 14
9 15
9 16
9 17
9 19
10 11
10 12
10 13
10 14
10 15
10 16
10 17
10 19
11 12
11 13
11 14
11 15
11 16
11 17
12 13
12 15
12 16
13 14
13 15
13 16
13 17
13 19
14 16
14 17
14 19
14 59
15 16
15 17
15 18
15 19
16 17
16 19
16 20
17 18
17 19
17 20
17 22
17 59
18 19
18 20
18 21
18 22
19 20
19 22
19 59
20 22
20 23
20 26
20 50
20 53
20 56
20 59
21 22
21 24
21 25
21 26
21 27
21 28
22 23
22 24
22 25
22 26
22 29
22 53
23 25
23 26
23 28
23 29
23 47
23 49
23 50
23 52
23 53
23 56
23 59
24 25
24 26
24 27
24 28
24 29
25 26
25 27
25 28
25 29
25 53
26 27
26 28
26 29
26 47
26 53
26 59
27 28
27 29
28 29
28 44
28 47
28 53
29 44
29 47
29 53
30 31
30 33
30 34
30 35
31 32
31 33
31 34
31 35
32 33
32 34
32 35
33 34
33 35
34 35
34 36
34 37
34 39
34 40
34 41
35 37
35 38
35 41
36 37
36 39
36 40
36 41
36 43
37 38
37 39
37 40
37 41
37 43
37 44
38 40
38 41
38 43
38 44
39 40
39 41
39 43
39 44
40 41
40 43
40 44
40 49
41 43
41 44
42 45
42 46
42 48
42 49
42 50
42 51
42 52
43 44
43 46
43 47
43 49
44 47
44 49
45 46
45 47
45 48
45 49
45 50
45 51
45 52
45 53
45 55
45 56
46 47
46 48
46 49
46 50
46 51
46 52
47 49
47 50
47 53
48 50
48 51
48 52
48 54
48 55
48 56
48 58
48 59
50 51
50 52
50 53
50 55
50 56
50 58
50 59
51 52
51 54
51 55
51 56
51 58
52 53
52 54
52 55
52 56
52 58
52 59
53 56
54 55
54 57
54 58
55 56
55 57
55 58
55 59
56 58
56 59
57 58
58 59
180.0-195.0
NumEdges: 267
0 1
0 2
0 3
0 4
1 2
2 4
2 5
2 7
2 8
3 4
3 6
3 7
4 5
4 6
4 7
4 8
4 9
4 10
4 11
5 7
5 8
5 14
6 7
6 9
6 11
7 8
7 9
7 10
7 11
7 13
7 14
8 9
8 10
8 11
8 13
8 14
9 10
9 11
9 12
9 13
9 14
9 15
9 16
9 17
9 19
10 11
10 12
10 13
10 14
10 15
10 16
10 17
10 19
11 12
11 13
11 14
11 15
11 16
11 17
11 19
12 13
12 15
12 16
12 18
13 14
13 15
13 16
13 17
13 19
14 16
14 17
14 19
14 59
15 16
15 17
15 18
15 19
16 17
16 19
16 20
16 59
17 18
17 19
17 20
17 22
17 53
17 59
18 19
18 20
18 21
18 22
19 20
19 22
19 53
19 59
20 22
20 23
20 26
20 47
20 50
20 53
20 56
20 59
21 22
21 24
21 25
21 26
21 27
21 28
22 23
22 24
22 25
22 26
22 29
22 53
23 25
23 26
23 28
23 29
23 38
23 44
23 47
23 49
23 50
23 53
23 56
24 25
24 27
24 28
25 26
25 27
25 28
25 29
25 53
26 27
26 28
26 29
26 47
26 53
27 28
27 29
28 29
28 38
28 44
28 47
28 53
29 38
29 44
29 47
29 53
30 31
30 33
30 34
30 35
31 32
31 33
31 34
31 35
32 33
32 34
32 35
33 34
33 35
34 35
34 36
34 37
34 39
34 40
34 41
35 37
35 38
35 41
36 37
36 39
36 40
36 41
36 43
37 38
37 39
37 40
37 41
37 43
37 44
37 49
38 40
38 41
38 43
38 44
39 40
39 41
39 43
39 44
40 41
40 43
40 44
40 46
40 49
41 43
41 44
42 45
42 46
42 48
42 49
42 50
42 51
42 52
43 44
43 46
43 47
43 49
44 47
44 49
45 46
45 47
45 48
45 49
45 50
45 51
45 52
45 53
45 55
45 56
46 47
46 48
46 49
46 51
46 52
47 49
47 53
48 50
48 51
48 52
48 54
48 55
48 56
48 58
48 59
50 51
50 52
50 53
50 55
50 56
50 58
50 59
51 52
51 54
51 55
51 56
51 58
52 53
52 54
52 55
52 56
52 58
52 59
53 56
54 55
54 57
54 58
55 56
55 57
55 58
55 59
56 58
56 59
57 58
58 59
185.0-200.0
NumEdges: 273
0 1
0 2
0 3
0 4
2 4
2 5
2 7
2 8
3 4
3 6
3 7
4 5
4 6
4 7
4 8
4 9
4 10
4 11
5 7
5 8
6 7
6 9
6 11
7 8
7 9
7 10
7 11
7 13
8 9
8 10
8 11
8 13
8 14
9 10
9 11
9 12
9 13
9 14
9 15
9 16
9 17
9 19
10 11
10 12
10 13
10 14
10 15
10 16
10 17
10 19
11 12
11 13
11 14
11 15
11 16
11 17
11 19
12 13
12 15
12 16
12 18
12 19
13 14
13 15
13 16
13 17
13 19
14 16
14 17
14 19
14 53
14 56
14 59
15 16
15 17
15 18
15 19
16 17
16 19
16 20
16 53
16 59
17 18
17 19
17 20
17 22
17 53
17 59
18 19
18 20
18 21
18 22
19 20
19 22
19 53
19 59
20 22
20 23
20 26
20 29
20 47
20 50
20 53
20 56
20 59
21 22
21 24
21 25
21 26
21 27
22 23
22 24
22 25
22 26
22 29
22 53
23 25
23 26
23 28
23 29
23 37
23 38
23 41
23 44
23 47
23 49
23 50
23 53
24 25
24 27
24 28
25 26
25 27
25 28
25 29
25 53
26 27
26 28
26 29
26 38
26 44
26 47
26 53
27 28
27 29
28 29
28 37
28 38
28 41
28 44
28 47
29 37
29 38
29 41
29 44
29 47
29 53
30 31
30 33
30 34
30 35
31 32
31 33
31 34
31 35
32 33
32 34
32 35
33 34
33 35
34 35
34 36
34 37
34 39
34 40
34 41
35 37
35 38
35 41
36 37
36 39
36 40
36 41
36 43
37 38
37 39
37 40
37 41
37 43
37 44
37 49
38 40
38 41
38 43
38 44
39 40
39 41
39 43
39 44
40 41
40 43
40 44
40 46
40 49
41 43
41 44
42 45
42 46
42 48
42 49
42 50
42 51
42 52
43 44
43 46
43 47
43 49
44 47
44 49
45 46
45 48
45 49
45 50
45 51
45 52
45 53
45 55
45 56
45 59
46 47
46 48
46 49
46 51
47 49
47 53
48 50
48 51
48 52
48 54
48 55
48 56
48 58
48 59
50 51
50 52
50 53
50 55
50 56
50 58
50 59
51 52
51 54
51 55
51 56
51 58
52 53
52 54
52 55
52 56
52 58
52 59
53 56
54 55
54 57
54 58
55 56
55 57
55 58
55 59
56 58
56 59
57 58
58 59
190.0-205.0
NumEdges: 277
0 1
0 2
0 3
0 4
0 6
2 4
2 5
2 7
2 8
3 4
3 6
3 7
4 5
4 6
4 7
4 8
4 10
4 11
5 7
5 8
5 59
6 7
6 8
6 9
6 11
7 8
7 9
7 10
7 11
7 13
7 14
8 10
8 11
8 13
8 14
8 59
9 10
9 11
9 12
9 13
9 14
9 15
9 16
9 17
9 19
10 11
10 13
10 14
10 15
10 16
10 17
10 19
11 12
11 13
11 14
11 15
11 16
11 17
11 19
12 13
12 15
12 16
12 18
12 19
13 14
13 15
13 16
13 17
13 19
13 53
14 15
14 16
14 17
14 19
14 50
14 53
14 56
14 59
15 16
15 17
15 18
15 19
16 17
16 19
16 20
16 53
16 59
17 18
17 19
17 20
17 22
17 53
17 59
18 19
18 20
18 21
18 22
19 20
19 22
19 53
19 59
20 22
20 23
20 26
20 29
20 47
20 50
20 53
20 56
21 22
21 24
21 25
21 26
21 27
22 23
22 24
22 25
22 26
22 29
22 53
23 25
23 26
23 28
23 29
23 37
23 38
23 40
23 41
23 44
23 47
23 49
23 53
24 25
24 26
24 27
24 28
25 26
25 27
25 28
25 29
25 38
26 27
26 28
26 29
26 37
26 38
26 44
26 47
26 53
27 28
27 29
28 29
28 37
28 38
28 41
28 44
28 47
29 37
29 38
29 41
29 44
29 47
29 53
30 31
30 33
30 34
30 35
31 32
31 33
31 34
31 35
32 33
32 34
32 35
33 34
33 35
34 35
34 36
34 39
34 41
35 37
35 38
35 41
36 37
36 39
36 40
36 41
36 43
37 38
37 39
37 40
37 41
37 43
37 44
37 47
37 49
38 40
38 41
38 43
38 44
39 40
39 41
39 43
39 44
40 41
40 43
40 44
40 46
40 47
40 49
41 43
41 44
42 45
42 46
42 48
42 49
42 50
42 51
42 52
43 44
43 46
43 47
43 49
44 47
44 49
45 46
45 48
45 49
45 50
45 51
45 52
45 53
45 55
45 56
45 59
46 47
46 48
46 49
47 49
47 53
48 50
48 51
48 52
48 55
48 56
48 58
48 59
50 51
50 52
50 53
50 55
50 56
50 58
50 59
51 52
51 54
51 55
51 56
51 58
52 53
52 54
52 55
52 56
52 58
52 59
53 56
54 55
54 57
54 58
55 56
55 57
55 58
55 59
56 58
56 59
57 58
58 59
200.0-215.0
NumEdges: 279
0 1
0 2
0 3
0 4
0 6
2 4
2 5
2 7
2 8
2 59
3 4
3 6
3 7
3 11
4 5
4 6
4 7
4 8
4 10
4 11
4 59
5 7
5 8
5 56
5 58
5 59
6 7
6 8
6 9
6 10
6 11
7 8
7 9
7 10
7 11
7 13
7 14
8 10
8 11
8 13
8 14
8 53
8 59
9 10
9 11
9 12
9 13
9 14
9 15
9 16
9 17
9 19
10 11
10 13
10 14
10 15
10 16
10 17
10 19
10 53
11 12
11 13
11 14
11 15
11 16
11 17
11 19
12 15
12 17
12 18
13 14
13 15
13 16
13 17
13 19
13 53
14 15
14 16
14 17
14 19
14 47
14 50
14 53
14 56
14 59
15 16
15 17
15 18
15 19
16 17
16 19
16 47
16 53
17 18
17 19
17 20
17 22
17 53
18 19
18 20
18 21
18 22
19 20
19 22
19 47
19 53
20 22
20 23
20 25
20 26
20 29
20 37
20 38
20 41
20 44
20 47
20 53
21 22
21 24
21 25
21 26
21 27
21 28
22 23
22 25
22 26
22 29
23 25
23 26
23 28
23 29
23 35
23 37
23 38
23 40
23 41
23 44
23 47
24 25
24 26
24 27
24 28
25 26
25 27
25 28
25 29
25 38
26 27
26 28
26 29
26 37
26 38
26 41
26 44
27 28
27 29
28 29
28 35
28 37
28 38
28 41
28 44
29 32
29 35
29 37
29 38
29 41
29 44
30 31
30 33
30 34
30 35
31 32
31 33
31 34
31 35
32 33
32 34
32 35
33 34
33 35
33 39
34 35
34 36
34 39
34 41
35 38
35 41
36 37
36 39
36 40
36 41
36 43
37 38
37 39
37 40
37 41
37 43
37 44
37 47
37 49
38 40
38 41
38 44
39 40
39 41
39 43
39 44
40 41
40 43
40 44
40 46
40 47
40 49
41 43
41 44
42 45
42 46
42 48
42 49
42 50
42 51
42 52
43 44
43 46
43 47
43 49
44 47
44 49
45 46
45 48
45 50
45 51
45 52
45 53
45 55
45 56
46 47
46 48
46 49
47 49
47 53
48 50
48 51
48 52
48 53
48 55
48 56
48 58
48 59
50 51
50 52
50 53
50 55
50 56
50 58
50 59
51 52
51 54
51 55
51 56
52 53
52 54
52 55
52 56
52 58
52 59
53 56
54 55
54 57
54 58
55 56
55 57
55 58
55 59
56 58
56 59
57 58
58 59
205.0-220.0
NumEdges: 285
0 1
0 2
0 3
0 4
0 6
1 2
2 4
2 5
2 7
2 8
2 59
3 4
3 6
3 7
3 8
3 11
4 5
4 6
4 7
4 8
4 10
4 11
4 53
4 59
5 7
5 8
5 50
5 53
5 56
5 58
5 59
6 7
6 8
6 9
6 10
6 11
7 8
7 9
7 10
7 11
7 13
7 14
8 10
8 11
8 13
8 14
8 53
8 59
9 10
9 11
9 12
9 13
9 14
9 15
9 16
9 17
9 19
10 11
10 13
10 14
10 15
10 16
10 17
10 19
10 53
11 12
11 13
11 14
11 15
11 16
11 17
11 19
12 15
12 17
12 18
13 14
13 15
13 16
13 17
13 19
13 47
13 53
14 15
14 16
14 17
14 19
14 47
14 50
14 53
14 56
14 59
15 16
15 17
15 18
15 19
16 17
16 19
16 47
16 53
17 18
17 19
17 20
17 22
17 53
18 19
18 20
18 21
18 22
19 20
19 22
19 47
19 53
20 22
20 23
20 25
20 26
20 28
20 29
20 37
20 38
20 41
20 44
20 47
20 53
21 22
21 24
21 25
21 26
21 27
21 28
22 23
22 25
22 26
22 28
22 29
23 25
23 26
23 28
23 29
23 32
23 35
23 37
23 38
23 40
23 41
23 44
23 47
24 25
24 26
24 27
24 28
25 26
25 27
25 28
25 29
25 38
26 27
26 28
26 29
26 35
26 37
26 38
26 41
26 44
27 28
27 29
28 29
28 32
28 35
28 37
28 38
28 41
28 44
29 32
29 35
29 37
29 38
29 41
29 44
30 31
30 33
30 34
30 35
31 32
31 33
31 34
31 35
32 33
32 34
32 35
33 34
33 35
33 39
34 35
34 36
34 39
34 41
35 38
35 41
36 37
36 39
36 40
36 41
36 43
37 38
37 39
37 40
37 41
37 43
37 44
37 49
38 40
38 41
38 44
39 40
39 41
39 43
40 41
40 43
40 44
40 46
40 49
41 43
41 44
42 45
42 46
42 48
42 49
42 51
42 52
43 44
43 46
43 47
43 49
44 47
44 49
45 46
45 48
45 50
45 51
45 52
45 53
45 55
45 56
46 47
46 48
46 49
47 49
47 53
48 50
48 51
48 52
48 53
48 55
48 56
48 58
48 59
50 51
50 52
50 53
50 55
50 56
50 58
50 59
51 52
51 54
51 55
51 56
52 53
52 55
52 56
52 58
52 59
53 56
54 55
54 57
54 58
55 56
55 57
55 58
55 59
56 58
56 59
57 58
58 59
210.0-225.0
NumEdges: 280
0 1
0 2
0 3
0 4
0 6
1 2
2 4
2 5
2 7
2 8
2 53
2 59
3 4
3 6
3 7
3 8
3 10
3 11
4 5
4 6
4 7
4 8
4 10
4 11
4 53
4 59
5 7
5 8
5 50
5 53
5 56
5 58
5 59
6 7
6 8
6 9
6 10
6 11
7 8
7 9
7 10
7 11
7 13
7 14
8 10
8 11
8 13
8 14
8 53
8 59
9 10
9 11
9 12
9 13
9 14
9 15
9 16
9 17
9 19
10 11
10 13
10 14
10 15
10 16
10 19
10 53
11 13
11 14
11 15
11 16
11 19
12 15
12 17
12 18
12 19
13 14
13 15
13 16
13 17
13 19
13 47
13 53
14 15
14 16
14 17
14 19
14 44
14 47
14 53
15 16
15 17
15 18
15 19
16 17
16 19
16 44
16 47
16 53
17 18
17 19
17 20
17 22
17 44
17 53
18 19
18 20
18 21
18 22
19 20
19 22
19 47
19 53
20 22
20 23
20 25
20 26
20 28
20 29
20 37
20 38
20 41
20 44
20 47
21 22
21 24
21 25
21 26
21 27
21 28
22 25
22 26
22 28
22 29
23 25
23 26
23 28
23 29
23 31
23 32
23 35
23 37
23 38
23 40
23 41
23 44
24 25
24 27
24 28
25 26
25 27
25 28
25 29
25 38
26 27
26 28
26 29
26 32
26 35
26 37
26 38
26 41
26 44
27 28
27 29
28 29
28 32
28 35
28 38
29 32
29 35
29 38
29 41
29 44
30 31
30 33
30 34
30 35
31 32
31 33
31 34
31 35
32 33
32 34
32 35
33 34
33 35
34 35
34 36
34 39
34 41
35 38
35 41
36 37
36 39
36 40
36 41
36 43
37 38
37 39
37 40
37 41
37 43
37 44
37 49
38 40
38 41
38 44
39 40
39 41
39 43
40 41
40 43
40 44
40 46
40 47
40 49
41 43
41 44
42 45
42 46
42 48
42 49
42 51
42 52
43 44
43 46
43 47
43 49
44 47
44 49
45 46
45 48
45 50
45 51
45 52
45 53
45 55
45 56
46 47
46 48
46 49
47 49
47 53
48 50
48 51
48 52
48 53
48 55
48 56
48 58
48 59
50 51
50 52
50 53
50 55
50 56
50 58
50 59
51 52
51 54
51 55
51 56
52 53
52 54
52 55
52 56
52 58
52 59
53 56
54 55
54 57
54 58
55 56
55 57
55 58
55 59
56 58
56 59
57 58
58 59
215.0-230.0
NumEdges: 287
0 1
0 2
0 3
0 4
0 6
1 2
2 4
2 5
2 7
2 8
2 53
2 59
3 4
3 6
3 7
3 8
3 9
3 10
3 11
4 5
4 6
4 7
4 8
4 10
4 11
4 53
4 59
5 7
5 8
5 50
5 53
5 56
5 59
6 7
6 8
6 9
6 10
6 11
7 8
7 9
7 10
7 11
7 13
7 14
7 15
7 16
8 10
8 11
8 13
8 14
8 47
8 53
8 59
9 10
9 11
9 12
9 13
9 14
9 15
9 16
9 17
9 19
10 11
10 12
10 13
10 14
10 15
10 16
10 19
10 53
11 12
11 13
11 14
11 15
11 16
11 19
12 15
12 17
12 18
12 19
13 14
13 15
13 16
13 17
13 19
13 44
13 47
13 53
14 15
14 16
14 17
14 19
14 44
14 47
14 53
15 16
15 17
15 18
15 19
16 17
16 19
16 44
16 47
16 53
17 18
17 19
17 20
17 22
17 38
17 44
18 19
18 20
18 21
18 22
19 20
19 22
19 44
19 47
19 53
20 22
20 23
20 25
20 26
20 28
20 29
20 35
20 37
20 38
20 41
20 44
21 22
21 24
21 25
21 26
21 27
21 28
22 25
22 26
22 28
22 29
23 25
23 26
23 28
23 29
23 31
23 32
23 35
23 37
23 38
23 41
23 44
24 25
24 27
24 28
24 29
25 26
25 27
25 28
25 29
25 32
26 27
26 28
26 29
26 32
26 35
26 38
26 41
26 44
27 28
27 29
28 29
28 32
28 35
28 38
29 32
29 35
29 38
30 31
30 33
30 34
30 35
31 32
31 33
31 34
31 35
32 33
32 34
32 35
33 34
33 35
34 35
34 36
34 39
34 41
35 38
35 41
36 37
36 39
36 40
36 41
36 43
37 38
37 39
37 40
37 41
37 43
37 44
37 47
37 49
38 40
38 41
38 44
39 40
39 41
39 43
39 49
40 41
40 43
40 44
40 46
40 47
40 49
41 43
41 44
42 45
42 46
42 48
42 49
42 51
42 52
43 44
43 46
43 47
43 49
44 47
44 49
45 46
45 48
45 50
45 51
45 52
45 53
45 55
45 56
46 47
46 48
46 49
47 49
47 53
48 50
48 51
48 52
48 53
48 54
48 55
48 56
48 58
48 59
50 51
50 52
50 53
50 55
50 56
50 58
50 59
51 52
51 54
51 55
51 56
52 53
52 54
52 55
52 56
52 58
52 59
53 56
54 55
54 57
54 58
55 56
55 57
55 58
55 59
56 58
56 59
57 58
58 59
220.0-235.0
NumEdges: 286
0 1
0 2
0 3
0 4
0 6
1 2
2 4
2 5
2 8
2 53
2 59
3 4
3 6
3 7
3 8
3 9
3 10
3 11
4 5
4 6
4 7
4 8
4 10
4 11
4 53
4 59
5 7
5 8
5 47
5 50
5 53
5 56
5 59
6 7
6 8
6 9
6 10
6 11
7 8
7 9
7 10
7 11
7 13
7 14
7 15
7 16
7 19
8 10
8 11
8 13
8 14
8 47
8 53
9 10
9 11
9 12
9 13
9 14
9 15
9 16
9 17
9 19
10 11
10 12
10 13
10 14
10 15
10 16
10 19
10 53
11 12
11 13
11 14
11 15
11 16
11 19
12 15
12 17
12 18
12 19
13 14
13 15
13 16
13 17
13 19
13 44
13 47
13 53
14 15
14 16
14 17
14 19
14 38
14 44
14 47
14 53
15 16
15 17
15 18
15 19
16 17
16 19
16 38
16 44
16 47
16 53
17 18
17 19
17 20
17 22
17 38
17 44
18 19
18 20
18 21
18 22
19 20
19 22
19 44
19 47
20 22
20 23
20 25
20 26
20 28
20 29
20 32
20 35
20 37
20 38
20 41
20 44
21 22
21 24
21 25
21 26
21 27
21 28
22 25
22 26
22 28
22 29
23 25
23 26
23 28
23 29
23 31
23 32
23 35
23 38
23 41
24 25
24 26
24 27
24 28
24 29
25 26
25 27
25 28
25 29
25 32
26 27
26 28
26 29
26 32
26 35
26 38
27 28
27 29
28 29
28 32
28 35
29 32
29 35
30 31
30 33
30 34
30 35
31 32
31 33
31 34
31 35
32 33
32 34
32 35
33 34
33 35
34 35
34 36
34 39
34 41
35 38
35 41
36 37
36 39
36 40
36 41
36 43
37 38
37 39
37 40
37 41
37 43
37 44
37 47
37 49
38 39
38 40
38 41
38 44
39 40
39 41
39 43
39 49
40 41
40 43
40 44
40 46
40 47
40 49
41 43
41 44
42 45
42 46
42 48
42 49
42 51
42 52
43 44
43 46
43 47
43 49
44 47
44 49
45 46
45 48
45 50
45 51
45 52
45 53
45 55
45 56
46 47
46 48
46 49
47 49
47 53
48 50
48 51
48 52
48 53
48 54
48 55
48 56
48 58
48 59
50 51
50 52
50 53
50 55
50 56
50 58
50 59
51 52
51 54
51 55
51 56
51 58
52 53
52 54
52 55
52 56
52 58
52 59
53 56
54 55
54 57
54 58
55 56
55 57
55 58
55 59
56 58
56 59
57 58
58 59
225.0-240.0
NumEdges: 280
0 1
0 2
0 3
0 4
0 5
0 6
1 2
2 4
2 5
2 8
2 53
2 59
3 4
3 6
3 7
3 8
3 9
3 10
3 11
4 5
4 6
4 7
4 8
4 10
4 11
4 47
4 53
5 7
5 8
5 47
5 50
5 53
5 56
5 59
6 7
6 8
6 9
6 10
6 11
7 8
7 9
7 10
7 11
7 13
7 14
7 15
7 16
7 19
8 10
8 11
8 13
8 14
8 16
8 44
8 47
8 53
9 10
9 11
9 12
9 13
9 15
9 16
9 17
9 19
10 11
10 12
10 13
10 14
10 15
10 16
10 19
10 44
11 12
11 13
11 14
11 15
11 16
11 19
12 13
12 15
12 17
12 18
12 19
13 14
13 15
13 16
13 17
13 19
13 38
13 44
13 47
14 15
14 16
14 17
14 19
14 37
14 38
14 41
14 44
14 47
14 53
15 16
15 17
15 18
15 19
16 17
16 19
16 20
16 38
16 41
16 44
16 47
17 18
17 19
17 20
17 22
17 38
18 19
18 20
18 21
18 22
19 20
19 22
19 44
20 22
20 23
20 26
20 32
20 35
20 37
20 38
20 41
20 44
21 22
21 24
21 25
21 26
21 27
21 28
22 25
22 26
23 25
23 26
23 28
23 29
23 31
23 32
23 35
23 38
24 25
24 26
24 27
24 28
24 29
25 26
25 27
25 28
25 29
25 32
26 27
26 28
26 29
26 32
26 35
27 28
27 29
28 29
28 32
28 35
29 32
29 35
30 31
30 33
30 34
31 32
31 33
31 34
31 35
32 33
32 34
32 35
33 34
33 35
34 35
34 36
34 39
34 41
35 38
35 41
36 37
36 39
36 40
36 41
36 43
37 38
37 39
37 40
37 41
37 43
37 44
37 47
37 49
38 39
38 40
38 41
38 44
39 40
39 41
39 43
39 49
40 41
40 43
40 44
40 46
40 47
40 49
41 43
41 44
42 45
42 46
42 48
42 49
42 51
43 44
43 46
43 47
43 49
44 47
44 49
45 46
45 48
45 50
45 51
45 52
45 53
45 55
45 56
46 47
46 48
46 49
47 49
47 53
48 50
48 51
48 52
48 53
48 54
48 55
48 56
48 58
48 59
50 51
50 52
50 53
50 55
50 56
50 58
50 59
51 52
51 54
51 55
51 56
51 58
52 54
52 55
52 56
52 58
52 59
53 56
54 55
54 57
54 58
55 56
55 57
55 58
55 59
56 58
56 59
57 58
58 59
230.0-245.0
NumEdges: 269
0 1
0 2
0 3
0 4
0 5
0 6
1 2
2 4
2 5
2 8
2 47
2 53
3 4
3 6
3 7
3 8
3 9
3 10
3 11
4 5
4 6
4 7
4 8
4 10
4 11
4 14
4 44
4 47
4 53
5 7
5 8
5 47
5 53
6 7
6 8
6 9
6 10
6 11
7 8
7 9
7 10
7 11
7 13
7 14
7 15
7 16
7 19
8 10
8 11
8 13
8 14
8 16
8 44
8 47
8 53
9 10
9 11
9 12
9 13
9 15
9 16
9 17
9 19
10 11
10 13
10 14
10 15
10 16
10 19
10 44
11 12
11 13
11 14
11 15
11 16
11 19
12 13
12 15
12 17
12 18
12 19
13 14
13 15
13 16
13 17
13 19
13 38
13 44
13 47
14 15
14 16
14 17
14 19
14 37
14 38
14 41
14 44
14 47
15 16
15 17
15 18
15 19
16 17
16 19
16 20
16 38
16 41
16 44
16 47
17 18
17 19
17 20
17 22
17 38
18 19
18 20
18 22
19 20
19 22
20 22
20 23
20 26
20 32
20 35
20 38
20 41
21 24
21 25
21 27
21 28
21 29
22 25
22 26
23 25
23 26
23 28
23 29
23 31
23 32
23 35
24 25
24 26
24 27
24 28
24 29
25 26
25 27
25 28
25 29
25 32
26 27
26 28
26 29
26 32
26 35
27 28
27 29
28 29
28 32
29 32
29 35
30 31
30 33
30 34
31 32
31 33
31 34
31 35
32 33
32 34
32 35
33 34
33 35
34 35
34 36
34 39
34 41
35 38
35 41
36 37
36 39
36 40
36 41
36 43
37 38
37 39
37 40
37 41
37 43
37 44
37 49
38 39
38 40
38 41
38 44
39 40
39 41
39 43
39 49
40 41
40 43
40 44
40 46
40 47
40 49
41 43
41 44
42 45
42 46
42 48
42 49
42 51
43 44
43 46
43 47
43 49
44 47
44 49
45 46
45 48
45 50
45 51
45 52
45 53
45 55
45 56
46 47
46 48
46 49
47 49
47 53
48 50
48 51
48 52
48 53
48 54
48 55
48 56
48 58
48 59
50 51
50 52
50 53
50 55
50 56
50 58
50 59
51 52
51 54
51 55
51 56
51 58
52 54
52 55
52 56
52 58
52 59
53 56
54 55
54 57
54 58
55 56
55 57
55 58
55 59
56 58
56 59
57 58
58 59
235.0-250.0
NumEdges: 267
0 1
0 2
0 3
0 4
0 5
0 6
1 2
2 4
2 5
2 8
2 47
2 53
3 4
3 6
3 7
3 8
3 9
3 10
3 11
4 5
4 6
4 7
4 8
4 10
4 11
4 14
4 44
4 47
4 53
5 8
5 44
5 47
5 53
6 7
6 8
6 9
6 10
6 11
7 8
7 9
7 10
7 11
7 12
7 13
7 14
7 15
7 16
7 19
8 9
8 10
8 11
8 13
8 14
8 16
8 38
8 44
8 47
8 53
9 10
9 11
9 12
9 13
9 15
9 16
9 17
9 19
10 11
10 12
10 13
10 14
10 15
10 16
10 19
10 44
11 12
11 13
11 14
11 15
11 16
11 19
12 13
12 15
12 16
12 17
12 18
12 19
13 14
13 15
13 16
13 17
13 19
13 38
13 44
14 16
14 17
14 19
14 37
14 38
14 41
14 44
14 47
15 16
15 17
15 18
15 19
15 22
16 17
16 19
16 20
16 38
16 41
16 44
17 18
17 19
17 20
17 22
18 19
18 20
18 22
19 20
19 22
20 22
20 26
20 32
20 35
20 38
21 24
21 25
21 26
21 27
21 28
21 29
22 25
22 26
23 25
23 26
23 28
23 29
23 32
23 35
24 25
24 27
24 28
24 29
25 26
25 27
25 28
25 29
26 28
26 29
26 32
27 28
27 29
28 29
29 32
30 31
30 32
30 33
30 34
31 32
31 33
31 34
31 35
32 33
32 34
32 35
33 34
33 35
34 35
34 36
34 39
34 41
35 38
35 41
36 37
36 39
36 40
36 41
36 43
37 38
37 39
37 40
37 41
37 43
37 44
37 49
38 39
38 40
38 41
38 44
39 40
39 41
39 43
39 49
40 41
40 43
40 44
40 46
40 47
40 49
41 43
41 44
41 49
42 45
42 46
42 48
42 49
42 51
43 44
43 46
43 47
43 49
44 47
44 49
45 46
45 48
45 50
45 51
45 52
45 53
45 55
45 56
46 47
46 48
46 49
47 49
47 53
48 50
48 51
48 52
48 53
48 54
48 55
48 56
48 58
48 59
50 51
50 52
50 53
50 54
50 55
50 56
50 58
50 59
51 52
51 54
51 55
51 56
51 58
52 54
52 55
52 56
52 58
52 59
53 56
54 55
54 56
54 57
54 58
55 56
55 57
55 58
55 59
56 58
56 59
57 58
58 59
240.0-255.0
NumEdges: 269
0 1
0 2
0 3
0 4
0 5
0 6
1 2
1 5
1 53
2 4
2 5
2 6
2 8
2 44
2 47
2 53
3 4
3 6
3 7
3 8
3 9
3 10
3 11
4 5
4 6
4 7
4 8
4 10
4 11
4 14
4 38
4 44
4 47
4 53
5 6
5 8
5 44
5 47
5 53
6 7
6 8
6 9
6 10
6 11
7 8
7 9
7 10
7 11
7 12
7 13
7 14
7 15
7 16
7 19
8 9
8 10
8 11
8 13
8 14
8 16
8 38
8 44
8 47
9 10
9 11
9 12
9 13
9 15
9 16
9 17
9 19
10 11
10 12
10 13
10 14
10 15
10 16
10 19
11 12
11 13
11 14
11 15
11 16
11 19
12 13
12 15
12 16
12 17
12 18
12 19
13 14
13 15
13 16
13 17
13 19
13 38
13 44
14 16
14 17
14 19
14 35
14 37
14 38
14 41
14 44
14 47
15 16
15 17
15 18
15 19
15 22
16 17
16 19
16 20
16 38
16 41
16 44
17 18
17 19
17 20
17 22
18 19
18 20
18 22
19 20
19 22
20 22
20 26
20 32
20 35
21 24
21 25
21 26
21 27
21 28
21 29
22 25
22 26
23 25
23 26
23 28
23 29
23 32
24 25
24 27
24 28
24 29
25 26
25 27
25 28
25 29
26 28
26 29
26 32
27 28
27 29
28 29
30 31
30 32
30 33
30 34
31 32
31 33
31 34
31 35
32 33
32 34
32 35
33 34
33 35
34 35
34 36
35 38
35 41
36 37
36 39
36 40
36 41
36 43
37 38
37 39
37 40
37 41
37 43
37 44
37 47
37 49
38 39
38 40
38 41
38 44
39 40
39 41
39 43
39 49
40 41
40 43
40 44
40 46
40 47
40 49
41 43
41 44
41 47
41 49
42 43
42 45
42 46
42 48
42 49
42 51
43 44
43 46
43 47
43 49
44 47
44 49
45 46
45 48
45 50
45 51
45 52
45 53
45 55
45 56
46 47
46 49
47 49
47 53
48 50
48 51
48 52
48 53
48 54
48 55
48 56
48 58
48 59
50 51
50 52
50 53
50 54
50 55
50 56
50 58
50 59
51 52
51 54
51 55
51 56
51 58
52 54
52 55
52 56
52 58
52 59
53 56
54 55
54 56
54 57
54 58
55 56
55 57
55 58
55 59
56 58
56 59
57 58
58 59
245.0-260.0
NumEdges: 264
0 1
0 2
0 3
0 4
0 5
0 6
1 2
1 5
1 53
2 4
2 5
2 6
2 8
2 38
2 44
2 47
2 53
3 4
3 6
3 7
3 8
3 9
3 10
3 11
4 5
4 6
4 7
4 8
4 10
4 11
4 14
4 38
4 41
4 44
4 47
5 6
5 8
5 38
5 41
5 44
5 47
5 53
6 7
6 8
6 9
6 10
6 11
7 8
7 9
7 10
7 11
7 12
7 13
7 14
7 15
7 16
7 19
8 9
8 10
8 11
8 13
8 14
8 16
8 38
8 44
8 47
9 10
9 11
9 12
9 13
9 15
9 16
9 19
10 11
10 12
10 13
10 14
10 15
10 16
10 19
11 12
11 13
11 14
11 15
11 16
11 19
12 13
12 15
12 16
12 17
12 18
12 19
13 14
13 15
13 16
13 17
13 19
14 16
14 19
14 35
14 37
14 38
14 41
14 44
15 16
15 17
15 18
15 19
15 22
16 17
16 19
16 20
16 32
16 38
17 18
17 19
17 20
17 22
18 19
18 20
18 22
19 20
19 22
20 22
20 26
20 32
20 35
21 24
21 25
21 26
21 27
21 28
21 29
22 25
22 26
23 25
23 26
23 28
23 29
24 25
24 27
24 28
24 29
25 26
25 27
25 28
25 29
26 28
26 29
27 28
27 29
28 29
30 31
30 32
30 33
30 34
31 32
31 33
31 34
31 35
32 33
32 34
32 35
33 34
33 35
34 35
34 36
35 37
35 38
35 41
36 37
36 39
36 40
36 41
36 43
37 38
37 39
37 40
37 41
37 43
37 44
37 47
37 49
38 39
38 40
38 41
38 44
39 40
39 41
39 43
39 49
40 41
40 43
40 44
40 46
40 47
40 49
41 43
41 44
41 47
41 49
42 43
42 45
42 46
42 48
42 49
42 51
43 44
43 46
43 47
43 49
44 47
44 49
45 46
45 48
45 50
45 51
45 52
45 53
45 55
45 56
46 47
46 49
47 49
47 53
48 50
48 51
48 52
48 54
48 55
48 56
48 58
48 59
50 51
50 52
50 53
50 54
50 55
50 56
50 58
50 59
51 52
51 54
51 55
51 56
51 58
52 54
52 55
52 56
52 58
52 59
53 56
54 55
54 56
54 57
54 58
55 56
55 57
55 58
55 59
56 58
56 59
57 58
58 59
250.0-265.0
NumEdges: 262
0 1
0 2
0 3
0 4
0 5
0 6
1 2
1 5
1 53
2 4
2 5
2 6
2 8
2 38
2 41
2 44
2 47
2 53
3 4
3 6
3 7
3 8
3 9
3 10
3 11
4 5
4 6
4 7
4 8
4 10
4 11
4 14
4 38
4 41
4 44
4 47
5 6
5 8
5 14
5 37
5 38
5 41
5 44
5 47
5 53
6 7
6 8
6 9
6 10
6 11
7 8
7 9
7 10
7 11
7 12
7 13
7 14
7 15
7 16
7 19
8 9
8 10
8 11
8 13
8 14
8 16
8 38
8 44
9 10
9 11
9 12
9 13
9 15
9 16
9 19
10 11
10 12
10 13
10 14
10 15
10 16
10 17
10 19
11 12
11 13
11 14
11 15
11 16
11 19
12 13
12 15
12 16
12 17
12 18
12 19
13 14
13 15
13 16
13 17
13 19
14 16
14 19
14 32
14 35
14 37
14 38
14 41
14 44
15 16
15 17
15 18
15 19
15 22
16 17
16 19
16 32
17 18
17 19
17 20
17 22
18 19
18 20
18 22
19 20
19 22
20 22
20 26
20 32
21 24
21 25
21 27
21 28
21 29
22 25
22 26
23 25
23 26
23 28
23 29
24 25
24 26
24 27
24 28
24 29
25 26
25 27
25 28
25 29
26 28
26 29
27 28
27 29
28 29
30 31
30 32
30 33
30 34
31 32
31 33
31 34
31 35
32 33
32 34
32 35
33 34
33 35
34 35
35 37
35 38
35 41
36 37
36 39
36 40
36 41
36 43
37 38
37 39
37 40
37 41
37 43
37 44
37 47
37 49
38 39
38 40
38 41
38 44
39 40
39 41
39 43
39 49
40 41
40 43
40 44
40 46
40 47
40 49
41 43
41 44
41 47
41 49
42 43
42 45
42 46
42 48
42 49
42 51
43 44
43 46
43 47
43 49
44 47
44 49
45 46
45 48
45 50
45 51
45 52
45 55
45 56
46 47
46 48
46 49
47 49
47 53
48 50
48 51
48 52
48 54
48 55
48 56
48 58
48 59
50 51
50 52
50 54
50 55
50 56
50 58
50 59
51 52
51 54
51 55
51 56
51 58
52 54
52 55
52 56
52 58
52 59
54 55
54 56
54 57
54 58
55 56
55 57
55 58
55 59
56 58
56 59
57 58
58 59
260.0-275.0
NumEdges: 256
0 1
0 2
0 3
0 5
0 6
1 2
1 5
2 4
2 5
2 6
2 8
2 35
2 38
2 41
2 44
2 47
3 4
3 6
3 7
3 8
3 9
3 11
4 5
4 6
4 7
4 8
4 10
4 11
4 14
4 35
4 38
4 41
4 44
5 6
5 8
5 14
5 35
5 37
5 38
5 41
5 44
5 47
6 7
6 8
6 9
6 10
6 11
7 8
7 9
7 10
7 11
7 12
7 13
7 14
7 15
7 16
8 9
8 10
8 11
8 13
8 14
8 16
8 32
8 38
9 10
9 11
9 12
9 13
9 15
9 16
9 19
10 11
10 12
10 13
10 14
10 15
10 16
10 17
10 19
11 12
11 13
11 14
11 15
11 16
11 19
12 13
12 15
12 16
12 17
12 18
12 19
13 14
13 15
13 16
13 17
13 19
14 16
14 31
14 32
14 34
14 35
14 38
14 41
15 16
15 17
15 18
15 19
15 22
16 17
16 19
16 20
16 32
17 18
17 19
17 20
17 22
18 19
18 20
18 21
18 22
19 20
19 22
20 22
20 26
21 24
21 25
21 26
21 27
21 28
21 29
22 25
22 26
22 28
23 25
23 26
23 28
23 29
24 25
24 26
24 27
24 28
24 29
25 26
25 27
25 28
25 29
26 27
26 28
26 29
27 28
27 29
28 29
30 31
30 32
30 33
30 34
31 32
31 33
31 34
31 35
32 33
32 34
32 35
33 34
33 35
34 35
35 37
35 38
35 41
36 37
36 39
36 43
37 38
37 39
37 40
37 41
37 43
37 44
37 47
37 49
38 40
38 41
38 44
39 40
39 41
39 43
39 49
40 41
40 43
40 44
40 46
40 47
40 49
41 44
41 49
42 43
42 45
42 46
42 48
42 49
42 52
43 44
43 46
43 47
43 49
44 47
44 49
45 46
45 48
45 50
45 51
45 52
45 54
45 55
45 56
46 47
46 48
46 49
46 52
47 49
47 53
48 50
48 51
48 52
48 54
48 55
48 56
48 58
50 51
50 52
50 54
50 55
50 56
50 58
50 59
51 52
51 54
51 55
51 56
51 58
52 54
52 55
52 56
52 58
54 55
54 56
54 57
54 58
55 56
55 57
55 58
55 59
56 58
56 59
57 58
58 59
265.0-280.0
NumEdges: 252
0 1
0 2
0 3
0 5
0 6
1 2
1 5
2 4
2 5
2 8
2 35
2 38
2 41
2 44
3 6
3 7
3 8
3 9
3 11
4 5
4 6
4 7
4 8
4 10
4 11
4 14
4 32
4 35
4 38
4 41
5 6
5 8
5 14
5 35
5 38
5 41
5 44
6 7
6 8
6 9
6 10
6 11
7 8
7 9
7 10
7 11
7 12
7 13
7 14
7 15
7 16
8 9
8 10
8 11
8 13
8 14
8 32
8 38
9 10
9 11
9 12
9 13
9 15
9 16
9 19
10 11
10 12
10 13
10 14
10 15
10 16
10 17
10 19
11 12
11 13
11 14
11 15
11 16
11 19
12 13
12 15
12 16
12 17
12 18
12 19
13 14
13 15
13 16
13 17
13 19
14 16
14 31
14 32
14 34
14 35
14 38
15 16
15 17
15 18
15 19
15 22
16 17
16 19
16 20
16 32
17 18
17 19
17 20
17 22
18 19
18 20
18 21
18 22
19 20
19 22
20 22
20 26
21 24
21 25
21 26
21 27
21 28
21 29
22 25
22 26
22 28
23 25
23 26
23 28
23 29
24 25
24 26
24 27
24 28
24 29
25 26
25 27
25 28
25 29
26 27
26 28
26 29
27 28
27 29
28 29
30 31
30 32
30 33
30 34
31 32
31 33
31 34
31 35
32 33
32 34
32 35
33 34
33 35
34 35
35 37
35 38
35 41
36 37
36 39
36 43
37 38
37 39
37 40
37 41
37 43
37 44
37 47
37 49
38 40
38 41
38 44
39 40
39 41
39 43
39 49
40 41
40 43
40 44
40 46
40 47
40 49
41 43
41 44
41 47
41 49
42 43
42 45
42 46
42 48
42 49
42 52
43 44
43 46
43 47
43 49
44 47
44 49
45 46
45 48
45 50
45 51
45 52
45 54
45 55
45 56
46 47
46 48
46 49
46 52
47 49
47 53
48 50
48 51
48 52
48 54
48 55
48 56
48 58
50 51
50 52
50 54
50 55
50 56
50 58
50 59
51 52
51 54
51 55
51 56
51 58
52 54
52 55
52 56
52 58
53 56
54 55
54 56
54 57
54 58
55 56
55 57
55 58
55 59
56 58
56 59
57 58
58 59
270.0-285.0
NumEdges: 245
0 1
0 2
0 3
0 4
0 5
0 6
1 2
2 4
2 5
2 8
2 32
2 35
2 38
2 41
2 44
3 4
3 6
3 7
3 8
3 9
3 11
4 5
4 6
4 7
4 8
4 10
4 11
4 14
4 32
4 35
4 38
5 6
5 8
5 14
5 32
5 35
5 38
5 41
5 44
6 7
6 8
6 9
6 10
6 11
7 8
7 9
7 10
7 11
7 12
7 13
7 14
8 9
8 10
8 11
8 13
8 14
8 32
9 10
9 11
9 12
9 13
9 15
9 16
10 11
10 12
10 13
10 14
10 15
10 16
10 17
10 19
11 12
11 13
11 14
11 15
11 16
12 13
12 15
12 16
12 17
12 18
12 19
13 14
13 15
13 16
13 17
13 19
14 16
14 31
14 32
14 34
14 35
15 16
15 17
15 18
15 19
15 20
15 22
16 17
16 19
16 20
17 18
17 19
17 20
17 22
18 21
18 22
18 25
19 20
19 22
20 22
20 26
21 24
21 25
21 26
21 27
21 28
21 29
22 25
22 26
22 28
23 25
23 26
23 28
23 29
24 25
24 26
24 27
24 28
24 29
25 26
25 27
25 28
25 29
26 27
26 28
26 29
27 28
27 29
28 29
30 31
30 32
30 33
30 34
31 32
31 33
31 34
31 35
32 33
32 34
32 35
33 34
33 35
34 35
35 37
35 38
35 41
36 37
36 39
36 43
37 38
37 39
37 40
37 41
37 43
37 44
37 49
38 40
38 41
38 44
39 40
39 41
39 43
39 49
40 41
40 43
40 44
40 46
40 47
40 49
41 43
41 44
41 47
41 49
42 43
42 45
42 46
42 48
42 49
42 52
43 44
43 46
43 49
44 47
44 49
45 46
45 48
45 50
45 51
45 52
45 54
45 55
45 56
46 47
46 48
46 49
46 52
47 49
47 53
48 50
48 51
48 52
48 54
48 55
48 56
48 58
50 51
50 52
50 54
50 55
50 56
50 58
50 59
51 52
51 54
51 55
51 56
51 58
52 54
52 55
52 56
52 58
53 56
54 55
54 56
54 57
54 58
55 56
55 57
55 58
55 59
56 58
56 59
57 58
58 59
275.0-290.0
NumEdges: 246
0 1
0 2
0 3
0 4
0 5
0 6
1 2
1 5
2 4
2 5
2 32
2 35
2 38
2 41
3 4
3 6
3 7
3 8
3 9
3 11
4 5
4 6
4 7
4 8
4 10
4 11
4 13
4 14
4 32
4 35
5 6
5 8
5 14
5 32
5 35
5 38
6 7
6 8
6 9
6 10
6 11
6 13
7 8
7 9
7 10
7 11
7 13
7 14
7 16
8 9
8 10
8 11
8 13
8 14
8 32
9 10
9 11
9 12
9 13
9 15
9 16
9 19
10 11
10 12
10 13
10 14
10 15
10 16
10 17
10 19
11 12
11 13
11 14
11 15
12 13
12 15
12 16
12 17
12 18
12 19
13 14
13 15
13 16
13 17
13 19
14 16
14 31
14 32
15 16
15 17
15 18
15 19
15 20
15 22
16 17
16 19
16 20
17 18
17 19
17 20
17 22
18 21
18 22
18 25
19 20
19 22
20 22
20 23
20 25
20 26
20 28
21 24
21 25
21 27
21 28
21 29
22 24
22 25
22 26
22 28
22 29
23 25
23 26
23 28
23 29
24 25
24 26
24 27
24 28
24 29
25 26
25 27
25 28
25 29
26 27
26 28
26 29
27 28
27 29
28 29
30 31
30 32
30 33
30 34
31 32
31 33
31 34
31 35
32 33
32 34
32 35
33 34
33 35
34 35
35 37
35 38
35 41
36 37
36 39
36 43
37 38
37 39
37 40
37 41
37 43
37 44
37 49
38 40
38 41
38 44
39 40
39 41
39 43
39 49
40 41
40 43
40 44
40 46
40 47
40 49
41 43
41 44
41 47
41 49
42 43
42 45
42 46
42 48
42 49
42 51
42 52
43 44
43 46
43 49
44 47
44 49
45 46
45 48
45 50
45 51
45 52
45 54
45 55
45 56
46 47
46 48
46 49
46 52
47 49
47 53
48 50
48 51
48 52
48 54
48 55
48 56
48 58
50 51
50 52
50 54
50 55
50 56
50 58
50 59
51 52
51 54
51 55
51 56
51 58
52 54
52 55
52 56
52 58
53 56
54 55
54 56
54 57
54 58
55 56
55 57
55 58
55 59
56 58
56 59
57 58
58 59
280.0-295.0
NumEdges: 240
0 1
0 2
0 3
0 4
0 5
0 6
1 2
1 5
2 4
2 5
2 32
2 35
2 38
3 4
3 6
3 7
3 8
3 9
3 11
4 5
4 6
4 7
4 8
4 10
4 11
4 13
4 14
4 32
5 6
5 8
5 14
5 32
5 35
6 7
6 8
6 9
6 10
6 11
6 13
7 8
7 9
7 10
7 11
7 12
7 13
7 14
7 16
8 9
8 10
8 11
8 13
8 14
8 32
9 10
9 11
9 12
9 13
9 15
9 16
9 19
10 11
10 12
10 13
10 14
10 15
10 16
10 17
10 19
11 13
11 14
12 13
12 15
12 16
12 17
12 18
12 19
13 14
13 15
13 16
13 17
13 19
14 16
14 32
15 16
15 17
15 18
15 19
15 20
15 22
16 17
16 19
16 20
17 18
17 19
17 20
17 22
18 21
18 22
18 24
18 25
19 20
19 22
20 22
20 23
20 25
20 26
20 28
21 24
21 25
21 27
21 28
21 29
22 24
22 25
22 26
22 28
22 29
23 25
23 26
23 28
23 29
24 25
24 26
24 27
24 28
24 29
25 26
25 27
25 28
25 29
26 27
26 28
26 29
27 28
27 29
28 29
30 31
30 32
30 33
30 34
31 32
31 33
31 34
31 35
32 33
32 34
32 35
33 34
33 35
34 35
35 37
35 38
35 41
36 37
36 39
36 43
37 38
37 39
37 40
37 41
37 43
37 44
37 49
38 40
38 41
38 44
39 40
39 41
39 43
39 49
40 41
40 43
40 44
40 46
40 47
40 49
41 43
41 44
41 47
41 49
42 43
42 45
42 46
42 48
42 49
42 51
42 52
43 46
43 49
44 47
44 49
45 46
45 48
45 50
45 51
45 52
45 54
45 55
45 56
46 47
46 48
46 49
46 52
47 49
47 53
48 50
48 51
48 52
48 54
48 55
48 56
48 58
50 51
50 52
50 54
50 55
50 56
50 58
50 59
51 52
51 54
51 55
51 56
51 58
52 54
52 55
52 56
52 58
53 56
54 55
54 57
54 58
55 56
55 57
55 58
55 59
56 58
56 59
57 58
58 59
285.0-300.0
NumEdges: 236
0 1
0 2
0 4
0 5
0 6
1 2
1 5
2 4
2 5
2 32
2 35
3 4
3 6
3 7
3 8
3 9
3 10
3 11
4 5
4 6
4 7
4 8
4 10
4 11
4 13
4 14
4 32
5 6
5 8
5 32
5 35
6 7
6 8
6 9
6 10
6 11
6 13
7 8
7 9
7 10
7 11
7 12
7 13
7 14
7 16
8 9
8 10
8 11
8 13
8 14
9 10
9 11
9 12
9 13
9 15
9 16
9 19
10 11
10 12
10 13
10 14
10 15
10 16
10 17
10 19
11 13
11 14
12 13
12 15
12 16
12 17
12 18
12 19
13 14
13 15
13 16
13 17
13 19
14 16
14 32
15 16
15 17
15 18
15 19
15 20
15 22
16 17
16 19
16 20
17 18
17 19
17 20
17 22
18 20
18 21
18 22
18 24
18 25
18 28
19 20
19 22
20 22
20 23
20 25
20 26
20 28
21 22
21 24
21 25
21 27
21 28
21 29
22 24
22 25
22 26
22 28
22 29
23 25
23 26
23 28
23 29
24 25
24 26
24 27
24 28
24 29
25 26
25 27
25 28
25 29
26 27
26 28
26 29
27 28
27 29
28 29
30 31
30 32
30 33
30 34
31 32
31 33
31 34
31 35
32 33
32 34
32 35
33 34
33 35
34 35
35 38
35 41
36 37
36 39
36 43
37 38
37 39
37 40
37 41
37 43
37 44
37 49
38 40
38 41
38 44
39 40
39 41
39 43
39 49
40 41
40 43
40 44
40 46
40 47
40 49
41 43
41 44
41 47
41 49
42 43
42 45
42 46
42 48
42 49
42 51
42 52
43 46
43 49
44 47
44 49
45 46
45 48
45 50
45 51
45 52
45 55
45 56
46 47
46 48
46 49
46 52
47 49
47 53
48 50
48 51
48 52
48 55
48 56
50 51
50 52
50 55
50 56
50 58
50 59
51 52
51 54
51 55
51 56
51 57
51 58
52 54
52 55
52 56
52 58
53 56
54 55
54 57
54 58
55 56
55 57
55 58
55 59
56 58
56 59
57 58
58 59
290.0-305.0
NumEdges: 229
0 1
0 2
0 4
0 5
0 6
1 2
1 5
2 4
2 5
2 32
2 35
3 4
3 6
3 7
3 8
3 9
3 10
3 11
4 5
4 6
4 7
4 8
4 10
4 11
4 13
4 14
5 6
5 8
5 32
5 35
6 7
6 8
6 9
6 10
6 11
6 13
7 8
7 9
7 10
7 11
7 12
7 13
7 14
7 16
8 9
8 10
8 11
8 13
8 14
9 10
9 11
9 12
9 13
9 15
9 16
10 11
10 12
10 13
10 14
10 15
10 16
10 17
10 19
11 13
11 14
12 13
12 15
12 16
12 17
12 18
12 19
13 14
13 15
13 16
13 17
13 19
14 16
15 16
15 17
15 18
15 19
15 20
15 22
16 17
16 19
16 20
17 18
17 19
17 20
17 22
18 20
18 21
18 22
18 24
18 25
18 27
18 28
19 20
19 22
20 22
20 23
20 25
20 26
20 28
21 22
21 24
21 25
21 27
21 28
22 23
22 24
22 25
22 26
22 28
22 29
23 25
23 26
23 28
23 29
24 25
24 26
24 27
24 28
24 29
25 26
25 27
25 28
25 29
26 27
26 28
26 29
27 28
27 29
28 29
30 31
30 32
30 33
30 34
31 32
31 33
31 34
31 35
32 33
32 34
32 35
33 34
33 35
34 35
36 37
36 39
36 43
37 38
37 39
37 40
37 41
37 43
37 44
37 49
38 40
38 41
38 44
38 49
39 43
39 49
40 41
40 43
40 44
40 46
40 47
40 49
41 43
41 44
41 47
41 49
42 43
42 45
42 46
42 48
42 49
42 52
43 44
43 46
43 49
44 47
44 49
45 46
45 48
45 50
45 51
45 52
45 55
45 56
46 47
46 48
46 49
47 49
47 53
48 50
48 51
48 52
48 55
48 56
50 51
50 52
50 55
50 56
50 58
50 59
51 52
51 54
51 55
51 56
51 57
52 54
52 55
52 56
52 58
53 56
54 55
54 57
54 58
55 56
55 57
55 58
55 59
56 58
56 59
57 58
58 59
300.0-315.0
NumEdges: 231
0 1
0 2
0 3
0 4
0 5
0 6
1 2
1 5
2 4
2 5
2 6
2 8
2 32
3 4
3 6
3 7
3 8
3 9
3 11
4 5
4 6
4 7
4 8
4 10
4 11
4 13
4 14
5 6
5 8
5 32
6 7
6 8
6 9
6 11
6 13
7 8
7 9
7 10
7 11
7 12
7 13
7 14
7 16
8 9
8 10
8 11
8 13
8 14
9 10
9 11
9 12
9 13
9 15
9 16
9 17
10 11
10 12
10 13
10 14
10 15
10 16
10 17
10 19
11 13
11 14
12 13
12 15
12 16
12 17
12 19
13 14
13 15
13 16
13 17
13 19
14 16
15 16
15 17
15 18
15 19
15 20
15 22
16 17
16 19
16 20
17 18
17 19
17 20
17 22
18 20
18 21
18 22
18 24
18 25
18 27
18 28
19 20
19 22
20 22
20 23
20 25
20 26
20 28
21 22
21 24
21 25
21 27
21 28
22 23
22 24
22 25
22 26
22 28
22 29
23 25
23 26
23 28
23 29
24 25
24 26
24 27
24 28
24 29
25 26
25 27
25 28
25 29
26 27
26 28
26 29
27 28
27 29
28 29
30 31
30 32
30 33
30 34
30 35
31 32
31 33
31 34
31 35
32 33
32 34
32 35
33 34
33 35
34 35
36 37
36 39
37 38
37 39
37 40
37 41
37 43
37 44
37 49
38 40
38 41
38 44
38 49
39 40
39 43
39 49
40 41
40 43
40 44
40 46
40 47
40 49
41 43
41 44
41 49
42 43
42 45
42 46
42 48
42 49
42 51
42 52
43 44
43 46
43 49
44 47
44 49
45 46
45 48
45 50
45 51
45 52
45 53
45 56
46 47
46 48
46 49
46 56
47 49
47 53
48 50
48 51
48 52
48 53
48 56
50 51
50 52
50 55
50 56
50 57
50 58
50 59
51 52
51 54
51 55
51 56
51 57
52 54
52 55
52 56
52 58
53 56
54 55
54 57
54 58
55 56
55 57
55 58
55 59
56 58
56 59
57 58
58 59
305.0-320.0
NumEdges: 228
0 1
0 2
0 3
0 4
0 5
0 6
1 2
1 5
2 4
2 5
2 6
2 8
2 32
3 4
3 6
3 7
3 8
3 9
3 11
3 13
4 5
4 6
4 7
4 8
4 11
4 13
4 14
5 6
5 8
6 7
6 8
6 9
6 11
6 13
7 8
7 9
7 10
7 11
7 13
7 14
7 16
8 10
8 11
8 13
8 14
9 10
9 11
9 12
9 13
9 15
9 17
10 11
10 12
10 13
10 14
10 15
10 16
10 17
10 19
11 13
11 14
12 13
12 15
12 16
12 17
12 19
13 14
13 15
13 16
13 17
13 19
14 16
15 16
15 17
15 18
15 19
15 20
15 22
16 17
16 19
16 20
17 18
17 19
17 20
17 22
18 20
18 21
18 22
18 24
18 25
18 27
18 28
19 20
19 22
20 22
20 23
20 25
20 26
20 28
21 22
21 24
21 25
21 27
21 28
22 23
22 24
22 25
22 26
22 28
22 29
23 25
23 26
23 28
23 29
24 25
24 26
24 27
24 28
24 29
25 26
25 27
25 28
25 29
26 27
26 28
26 29
27 28
27 29
28 29
30 31
30 32
30 33
30 34
30 35
31 32
31 33
31 34
31 35
32 33
32 34
32 35
33 34
33 35
34 35
36 37
36 39
37 38
37 39
37 40
37 41
37 43
37 44
37 49
38 40
38 41
38 44
38 49
39 40
39 41
39 43
39 49
40 41
40 43
40 44
40 46
40 47
40 49
41 43
41 44
41 49
42 43
42 45
42 46
42 48
42 49
42 51
42 52
42 56
43 46
43 49
44 47
44 49
45 46
45 48
45 50
45 51
45 52
45 53
45 56
46 47
46 48
46 49
46 52
46 56
47 49
47 53
48 50
48 51
48 52
48 53
48 56
50 51
50 52
50 55
50 56
50 57
50 58
50 59
51 52
51 54
51 55
51 56
51 57
52 54
52 55
52 56
52 58
53 56
54 55
54 57
54 58
55 56
55 57
55 58
55 59
56 58
57 58
58 59
310.0-325.0
NumEdges: 219
0 1
0 2
0 3
0 4
0 5
0 6
1 2
1 5
2 4
2 5
2 6
2 8
3 4
3 6
3 7
3 8
3 9
3 11
3 13
4 5
4 6
4 7
4 8
4 11
4 13
4 14
5 6
5 8
6 7
6 8
6 11
6 13
7 8
7 9
7 10
7 11
7 13
7 14
7 16
8 10
8 11
8 13
8 14
9 10
9 11
9 12
9 13
9 17
10 11
10 12
10 13
10 14
10 15
10 16
10 17
10 19
11 13
12 13
12 15
12 17
12 19
13 14
13 15
13 16
13 17
13 19
14 16
15 16
15 17
15 18
15 19
15 20
15 22
16 17
16 19
16 20
17 19
17 20
17 22
18 21
18 22
18 24
18 25
18 27
18 28
19 20
19 22
20 22
20 23
20 25
20 26
20 28
21 22
21 24
21 25
21 27
21 28
21 29
22 23
22 24
22 25
22 26
22 28
22 29
23 25
23 26
23 28
23 29
24 25
24 26
24 27
24 28
24 29
25 26
25 27
25 28
25 29
26 27
26 28
26 29
27 28
27 29
28 29
30 31
30 32
30 33
30 34
30 35
31 32
31 33
31 34
31 35
32 33
32 34
32 35
33 34
33 35
34 35
34 39
36 39
37 38
37 39
37 40
37 41
37 43
37 44
37 49
38 40
38 41
38 44
39 40
39 41
39 43
39 49
40 41
40 43
40 44
40 46
40 47
40 49
41 43
41 44
41 49
42 43
42 45
42 46
42 48
42 49
42 51
42 52
42 56
43 44
43 46
43 49
44 47
44 49
45 46
45 48
45 50
45 51
45 52
45 53
45 56
46 47
46 48
46 49
46 52
46 56
47 53
48 50
48 51
48 52
48 53
48 56
50 51
50 52
50 55
50 56
50 58
50 59
51 52
51 54
51 55
51 56
52 54
52 55
52 56
52 58
53 56
54 55
54 57
54 58
55 56
55 57
55 58
55 59
56 58
57 58
58 59
315.0-330.0
NumEdges: 222
0 1
0 2
0 3
0 4
0 5
0 6
1 2
1 5
2 4
2 5
2 6
2 8
3 4
3 6
3 7
3 8
3 9
3 11
3 13
4 5
4 6
4 7
4 8
4 11
4 13
4 14
5 6
5 8
6 7
6 8
6 9
6 11
6 13
7 8
7 9
7 10
7 11
7 13
7 14
7 16
8 9
8 10
8 11
8 13
8 14
9 10
9 11
9 12
9 13
9 17
10 11
10 12
10 13
10 14
10 15
10 16
10 17
10 19
11 13
12 13
12 15
12 17
12 19
13 14
13 15
13 16
13 17
13 19
14 16
15 16
15 17
15 18
15 19
15 20
15 22
16 17
16 19
16 20
17 19
17 20
17 22
18 21
18 22
18 24
18 25
18 27
18 28
19 20
19 22
20 22
20 23
20 26
20 28
21 22
21 24
21 25
21 27
21 28
21 29
22 23
22 24
22 25
22 26
22 28
22 29
23 25
23 26
23 28
23 29
24 25
24 26
24 27
24 28
24 29
25 26
25 27
25 28
25 29
26 27
26 28
26 29
27 28
27 29
28 29
30 31
30 32
30 33
30 34
30 35
31 32
31 33
31 34
31 35
32 33
32 34
32 35
33 34
33 35
34 35
34 39
36 39
37 38
37 39
37 40
37 41
37 43
37 44
37 49
38 40
38 41
38 44
38 49
39 40
39 41
39 43
39 49
40 41
40 43
40 44
40 46
40 47
40 49
41 43
41 44
41 49
42 43
42 45
42 46
42 48
42 49
42 51
42 52
42 56
43 44
43 46
43 49
44 47
44 49
45 46
45 48
45 50
45 51
45 52
45 53
45 56
46 47
46 48
46 49
46 52
46 56
47 53
48 50
48 51
48 52
48 53
48 56
50 51
50 52
50 55
50 56
50 58
50 59
51 52
51 54
51 55
51 56
51 57
52 54
52 55
52 56
52 58
53 56
54 55
54 57
54 58
55 56
55 57
55 58
55 59
56 58
57 58
58 59
320.0-335.0
NumEdges: 217
0 1
0 2
0 3
0 4
0 5
0 6
1 5
2 4
2 5
2 6
2 8
3 4
3 6
3 7
3 8
3 9
3 11
3 13
4 5
4 6
4 7
4 8
4 11
4 13
4 14
5 6
5 8
6 7
6 8
6 9
6 11
6 13
7 8
7 9
7 10
7 11
7 13
7 14
8 9
8 10
8 11
8 13
8 14
9 10
9 11
9 12
9 13
10 11
10 12
10 13
10 14
10 15
10 16
10 17
10 19
11 13
12 15
12 17
12 18
12 19
13 14
13 15
13 16
13 17
13 19
14 16
15 16
15 17
15 18
15 19
15 20
15 22
16 17
16 19
16 20
17 19
17 20
17 22
18 21
18 22
18 24
18 25
18 27
18 28
19 20
19 22
20 22
20 23
20 26
20 28
21 22
21 24
21 25
21 27
21 28
21 29
22 23
22 24
22 25
22 26
22 28
22 29
23 25
23 26
23 28
23 29
24 25
24 26
24 27
24 28
24 29
25 26
25 27
25 28
25 29
26 28
26 29
27 28
27 29
28 29
30 31
30 32
30 33
30 34
30 35
31 32
31 33
31 34
31 35
32 33
32 34
32 35
33 34
33 35
34 35
34 39
36 37
36 39
37 38
37 39
37 40
37 41
37 43
37 44
37 49
38 40
38 41
38 44
38 49
39 40
39 41
39 43
39 49
40 41
40 43
40 44
40 47
40 49
41 43
41 44
41 49
42 43
42 45
42 46
42 48
42 49
42 51
42 52
42 56
43 44
43 46
43 49
44 47
44 49
45 46
45 48
45 50
45 51
45 52
45 53
45 56
46 47
46 48
46 49
46 52
46 56
47 53
48 50
48 51
48 52
48 53
48 56
50 52
50 55
50 56
50 58
50 59
51 52
51 54
51 55
51 56
51 57
52 54
52 55
52 56
52 58
53 56
54 55
54 57
54 58
55 56
55 57
55 58
55 59
56 58
57 58
58 59
325.0-340.0
NumEdges: 221
0 1
0 2
0 3
0 4
0 5
0 6
0 8
2 4
2 5
2 6
2 8
3 4
3 6
3 7
3 8
3 9
3 11
3 13
4 5
4 6
4 7
4 8
4 11
4 14
5 6
5 8
6 7
6 8
6 9
6 11
6 13
7 8
7 9
7 10
7 11
7 13
7 14
8 9
8 10
8 11
8 13
8 14
9 10
9 11
9 12
9 13
9 17
10 11
10 12
10 13
10 14
10 15
10 16
10 17
10 19
11 13
12 15
12 17
12 18
12 19
13 14
13 15
13 16
13 17
13 19
14 16
15 16
15 17
15 18
15 19
15 20
15 22
16 17
16 19
16 20
17 19
17 20
17 22
18 21
18 22
18 24
18 25
18 27
18 28
19 20
19 22
20 22
20 23
20 25
20 26
20 28
21 22
21 24
21 25
21 27
21 28
22 23
22 24
22 25
22 26
22 28
22 29
23 25
23 26
23 28
23 29
24 25
24 26
24 27
24 28
24 29
25 26
25 27
25 28
25 29
26 28
26 29
27 28
27 29
28 29
30 31
30 32
30 33
30 34
30 35
31 32
31 33
31 34
31 35
32 33
32 34
32 35
33 34
33 35
34 35
34 39
35 37
35 38
36 37
36 39
37 38
37 39
37 40
37 41
37 43
37 44
37 49
38 39
38 40
38 41
38 44
38 49
39 40
39 41
39 43
39 49
40 41
40 43
40 44
40 46
40 47
40 49
41 43
41 44
41 49
42 43
42 45
42 46
42 48
42 49
42 52
42 56
43 44
43 46
43 49
44 47
44 49
45 46
45 48
45 50
45 51
45 52
45 53
45 56
46 47
46 48
46 49
46 52
46 56
47 53
48 50
48 51
48 52
48 53
48 56
50 52
50 55
50 56
50 58
50 59
51 52
51 54
51 55
51 56
51 57
52 54
52 55
52 56
52 58
53 56
54 55
54 56
54 57
54 58
55 56
55 57
55 58
55 59
56 58
57 58
58 59
330.0-345.0
NumEdges: 223
0 1
0 2
0 3
0 4
0 5
0 6
0 8
2 4
2 5
2 6
2 8
3 4
3 6
3 7
3 8
3 9
3 11
3 13
4 5
4 6
4 7
4 8
4 11
4 14
5 6
5 8
6 7
6 8
6 9
6 11
6 13
7 8
7 9
7 10
7 11
7 13
7 14
8 9
8 10
8 11
8 13
8 14
9 10
9 11
9 12
9 13
9 17
10 11
10 12
10 13
10 14
10 15
10 16
10 17
10 19
11 13
12 15
12 17
12 18
12 19
13 14
13 15
13 16
13 17
13 19
14 16
15 16
15 17
15 18
15 19
15 20
15 22
16 17
16 19
16 20
17 19
17 20
17 22
18 21
18 22
18 24
18 25
18 27
18 28
19 20
19 22
20 22
20 23
20 25
20 26
20 28
21 22
21 24
21 25
21 27
21 28
22 23
22 24
22 25
22 26
22 28
22 29
23 25
23 26
23 28
23 29
24 25
24 26
24 27
24 28
24 29
25 26
25 27
25 28
25 29
26 28
26 29
27 28
27 29
28 29
30 31
30 32
30 33
30 34
30 35
31 32
31 33
31 34
31 35
32 33
32 34
32 35
33 34
33 35
34 35
34 39
35 37
35 38
36 37
36 39
36 43
37 38
37 39
37 40
37 41
37 43
37 44
37 49
38 39
38 40
38 41
38 44
38 49
39 40
39 41
39 43
39 49
40 41
40 43
40 44
40 46
40 47
40 49
41 43
41 44
41 49
42 43
42 45
42 46
42 48
42 49
42 52
42 56
43 46
43 49
44 47
44 49
45 46
45 48
45 50
45 51
45 52
45 53
45 56
46 47
46 48
46 49
46 52
46 56
47 49
47 53
48 50
48 51
48 52
48 53
48 56
50 52
50 55
50 56
50 58
50 59
51 52
51 54
51 55
51 56
51 57
52 54
52 55
52 56
52 58
53 56
54 55
54 56
54 57
54 58
55 56
55 57
55 58
55 59
56 58
56 59
57 58
58 59
335.0-350.0
NumEdges: 220
0 1
0 2
0 3
0 4
0 5
0 6
0 8
1 5
2 4
2 5
2 6
2 8
3 4
3 6
3 7
3 8
3 9
3 11
3 13
4 5
4 6
4 7
4 8
4 11
4 14
5 6
5 8
6 7
6 8
6 9
6 11
6 13
7 8
7 9
7 10
7 11
7 13
7 14
8 9
8 10
8 11
8 13
8 14
9 10
9 11
9 12
9 13
9 17
10 11
10 12
10 13
10 14
10 15
10 16
10 17
10 19
11 13
12 15
12 17
12 18
12 19
13 14
13 16
13 17
13 19
14 16
15 16
15 17
15 18
15 19
15 20
15 22
16 17
16 19
16 20
17 19
17 20
17 22
18 21
18 22
18 24
18 25
18 27
18 28
19 20
19 22
20 22
20 23
20 25
20 26
20 28
21 24
21 25
21 27
22 23
22 24
22 25
22 26
22 28
22 29
23 25
23 26
23 28
23 29
24 25
24 26
24 27
24 28
24 29
25 26
25 27
25 28
25 29
26 28
26 29
27 28
27 29
28 29
30 31
30 32
30 33
30 34
30 35
31 32
31 33
31 34
31 35
32 33
32 34
32 35
33 34
33 35
34 35
34 39
35 37
35 38
36 37
36 39
36 43
37 38
37 39
37 40
37 41
37 43
37 44
37 49
38 39
38 40
38 41
38 44
38 49
39 40
39 41
39 43
39 49
40 41
40 43
40 44
40 46
40 47
40 49
41 43
41 44
41 49
42 43
42 45
42 46
42 48
42 49
42 52
42 56
43 46
43 49
44 47
44 49
45 46
45 47
45 48
45 50
45 52
45 53
45 56
46 47
46 48
46 49
46 52
47 49
47 53
48 50
48 51
48 52
48 53
48 54
48 56
50 52
50 55
50 56
50 58
50 59
51 52
51 54
51 55
51 57
52 54
52 55
52 56
52 58
53 56
54 55
54 56
54 57
54 58
55 56
55 57
55 58
55 59
56 58
56 59
57 58
58 59
345.0-360.0
NumEdges: 215
0 1
0 2
0 3
0 4
0 5
0 6
0 8
1 5
2 4
2 5
2 6
2 8
3 6
3 7
3 8
3 9
3 11
3 13
4 5
4 6
4 8
4 11
4 14
5 6
5 8
6 7
6 8
6 9
6 11
6 13
7 8
7 9
7 10
7 11
7 13
7 14
8 9
8 10
8 11
8 13
8 14
9 10
9 11
9 12
9 13
10 11
10 12
10 13
10 14
10 15
10 16
10 17
10 19
11 13
12 15
12 17
12 18
12 19
13 14
13 16
13 17
13 19
15 16
15 17
15 18
15 19
15 20
15 22
16 17
16 19
16 20
16 22
17 19
17 20
17 22
18 21
18 22
18 24
18 25
18 27
18 28
19 20
19 22
20 22
20 23
20 26
20 28
21 24
21 25
21 27
22 23
22 24
22 25
22 26
22 28
22 29
23 25
23 26
23 28
23 29
24 25
24 26
24 27
24 28
24 29
25 26
25 27
25 28
25 29
26 28
26 29
27 29
28 29
30 31
30 32
30 33
30 34
31 32
31 33
31 34
31 35
32 33
32 34
32 35
33 34
33 35
34 35
34 39
34 41
35 41
36 37
36 39
36 43
37 38
37 39
37 40
37 41
37 43
37 44
37 49
38 39
38 40
38 41
38 44
38 49
39 40
39 41
39 43
39 49
40 41
40 43
40 44
40 46
40 47
40 49
41 44
41 49
42 43
42 45
42 46
42 48
42 49
42 52
42 54
42 56
43 46
43 49
44 47
44 49
45 46
45 47
45 48
45 50
45 52
45 53
45 54
45 56
46 47
46 48
46 49
46 52
47 48
47 49
47 53
48 50
48 52
48 53
48 54
48 56
50 52
50 53
50 55
50 56
50 58
50 59
51 52
51 54
51 55
51 57
52 54
52 55
52 56
52 58
53 56
54 55
54 56
54 57
55 56
55 57
55 58
55 59
56 58
56 59
57 58
58 59
350.0-365.0
NumEdges: 217
0 1
0 2
0 3
0 4
0 5
0 6
0 8
1 5
2 4
2 5
2 6
2 8
2 14
3 6
3 7
3 8
3 9
3 11
3 13
4 5
4 6
4 8
4 11
4 14
5 6
5 8
6 7
6 8
6 9
6 11
6 13
6 14
7 8
7 9
7 10
7 11
7 13
7 14
8 9
8 10
8 11
8 13
8 14
9 10
9 11
9 12
9 13
9 17
10 11
10 12
10 13
10 15
10 16
10 17
10 19
11 13
12 15
12 17
12 18
12 19
13 14
13 16
13 17
13 19
15 16
15 17
15 18
15 19
15 20
15 22
16 17
16 19
16 20
16 22
17 19
17 20
17 22
18 21
18 22
18 24
18 25
18 27
18 28
19 20
19 22
20 22
20 23
20 26
20 28
21 24
21 25
21 27
22 23
22 24
22 25
22 26
22 28
22 29
23 24
23 25
23 26
23 28
23 29
24 25
24 26
24 27
24 28
24 29
25 26
25 27
25 28
25 29
26 28
26 29
27 29
28 29
30 31
30 32
30 33
30 34
31 32
31 33
31 34
31 35
32 33
32 34
32 35
33 34
33 35
34 35
34 39
34 41
35 41
36 37
36 39
37 38
37 39
37 40
37 41
37 43
37 44
37 49
38 39
38 40
38 41
38 44
38 47
38 49
39 40
39 41
39 43
39 49
40 41
40 43
40 44
40 46
40 47
40 49
41 44
41 49
42 43
42 45
42 46
42 48
42 52
42 54
42 56
43 46
43 49
44 47
44 49
45 46
45 47
45 48
45 50
45 52
45 53
45 54
45 56
46 47
46 48
46 49
46 52
47 48
47 49
47 53
48 50
48 52
48 53
48 54
48 56
50 52
50 53
50 55
50 56
50 58
50 59
51 52
51 54
51 55
51 57
52 54
52 55
52 56
52 58
53 56
54 55
54 56
54 57
55 56
55 57
55 58
55 59
56 58
56 59
57 58
58 59
360.0-375.0
NumEdges: 214
0 1
0 2
0 4
0 5
0 6
1 5
2 4
2 5
2 6
2 8
2 14
3 6
3 7
3 8
3 9
3 11
3 13
4 5
4 6
4 8
4 11
4 14
5 6
5 8
6 7
6 8
6 9
6 11
6 13
6 14
7 8
7 9
7 10
7 11
7 13
7 14
7 17
8 9
8 10
8 11
8 13
8 14
9 10
9 11
9 12
9 13
9 17
10 11
10 12
10 13
10 15
10 16
10 17
10 19
11 13
12 15
12 17
12 18
12 19
13 14
13 17
15 16
15 17
15 18
15 19
15 20
15 22
15 28
16 17
16 19
16 20
16 22
17 19
17 20
17 22
18 21
18 22
18 24
18 25
18 27
18 28
19 20
19 22
20 22
20 23
20 26
20 28
21 24
21 25
21 27
22 23
22 24
22 25
22 26
22 28
22 29
23 24
23 25
23 26
23 28
23 29
24 25
24 26
24 27
24 28
24 29
25 26
25 27
25 28
25 29
26 28
26 29
27 29
28 29
30 31
30 32
30 33
30 34
31 32
31 33
31 34
31 35
31 36
31 39
32 33
32 34
32 35
33 34
33 35
34 35
34 39
34 41
35 41
36 37
36 39
36 41
37 38
37 39
37 40
37 41
37 43
37 44
37 49
38 40
38 41
38 44
38 47
38 49
39 41
39 49
40 41
40 43
40 44
40 46
40 47
40 49
41 44
41 49
42 43
42 45
42 46
42 48
42 52
42 54
42 56
43 46
43 48
43 49
44 47
44 49
45 46
45 47
45 48
45 50
45 52
45 53
45 54
45 56
46 47
46 48
46 49
46 52
47 49
47 53
48 50
48 52
48 53
48 54
48 56
50 52
50 53
50 55
50 56
50 58
50 59
51 52
51 54
51 55
51 56
51 57
52 54
52 55
52 56
53 56
54 56
55 56
55 57
55 58
55 59
56 58
56 59
57 58
57 59
58 59
365.0-380.0
NumEdges: 221
0 1
0 2
0 4
0 5
0 6
1 5
2 4
2 5
2 6
2 8
2 14
3 6
3 7
3 8
3 9
3 11
3 13
4 5
4 6
4 8
4 11
4 14
5 6
5 8
6 7
6 8
6 9
6 10
6 11
6 13
6 14
7 8
7 9
7 10
7 11
7 13
7 14
7 17
8 9
8 10
8 11
8 13
8 14
9 10
9 11
9 12
9 13
9 17
10 11
10 12
10 13
10 15
10 16
10 17
10 19
11 13
12 15
12 17
12 18
12 19
13 14
13 17
13 19
15 16
15 17
15 18
15 19
15 20
15 21
15 22
15 23
15 25
15 26
15 28
16 17
16 19
16 20
16 22
17 19
17 20
17 22
18 21
18 22
18 24
18 25
18 27
19 20
19 22
20 22
20 23
20 26
20 28
21 24
21 25
21 27
22 23
22 25
22 26
22 28
23 24
23 25
23 26
23 28
23 29
24 25
24 26
24 27
24 28
24 29
25 26
25 27
25 28
25 29
26 28
26 29
27 29
28 29
30 31
30 32
30 33
30 34
31 32
31 33
31 34
31 35
31 36
31 39
31 41
32 33
32 34
32 35
33 34
33 35
34 35
34 37
34 39
34 41
35 37
35 41
36 37
36 39
36 41
37 38
37 39
37 40
37 41
37 44
37 49
38 40
38 41
38 44
38 47
38 49
39 41
39 49
40 41
40 43
40 44
40 46
40 47
40 49
41 44
41 49
42 43
42 45
42 46
42 48
42 51
42 52
42 54
42 56
43 46
43 48
43 49
44 47
44 49
45 46
45 47
45 48
45 50
45 52
45 53
45 54
45 56
46 47
46 48
46 49
46 52
46 54
47 49
47 53
48 50
48 52
48 53
48 54
48 56
50 52
50 53
50 55
50 56
50 58
50 59
51 52
51 54
51 55
51 56
51 57
52 54
52 55
52 56
53 56
54 56
55 56
55 57
55 58
55 59
56 58
56 59
57 58
57 59
58 59
370.0-385.0
NumEdges: 218
0 1
0 2
0 3
0 4
0 5
0 6
1 5
2 4
2 5
2 8
2 14
3 6
3 7
3 8
3 9
3 11
3 13
4 5
4 6
4 8
4 11
4 14
5 6
5 8
6 7
6 8
6 9
6 10
6 11
6 13
6 14
7 8
7 9
7 10
7 11
7 13
7 14
7 17
8 10
8 11
8 13
8 14
9 10
9 11
9 12
9 13
9 17
10 11
10 12
10 13
10 16
10 17
10 19
11 13
12 15
12 17
12 18
12 19
13 14
13 17
13 19
15 16
15 17
15 18
15 19
15 20
15 21
15 22
15 23
15 25
15 26
15 28
16 17
16 19
16 20
16 22
17 19
17 20
17 22
18 21
18 22
18 24
18 25
19 20
19 22
20 22
20 23
20 26
20 28
21 24
21 25
21 27
22 23
22 25
22 26
22 28
23 24
23 25
23 26
23 28
23 29
24 25
24 26
24 27
24 28
24 29
25 26
25 27
25 28
25 29
26 28
26 29
27 29
28 29
30 31
30 32
30 33
30 34
31 32
31 33
31 34
31 35
31 36
31 39
31 41
32 33
32 34
32 35
33 34
33 35
34 35
34 37
34 39
34 41
35 37
35 41
36 37
36 39
36 41
37 38
37 39
37 40
37 41
37 44
37 49
38 40
38 41
38 44
38 47
38 49
39 41
39 49
40 41
40 43
40 44
40 46
40 47
40 49
41 44
41 49
42 43
42 45
42 46
42 48
42 51
42 52
42 54
42 56
43 46
43 49
44 47
44 49
45 46
45 47
45 48
45 50
45 52
45 53
45 54
45 56
46 47
46 48
46 49
46 52
46 54
47 48
47 49
47 53
48 50
48 52
48 53
48 54
48 56
50 52
50 53
50 55
50 56
50 58
50 59
51 52
51 54
51 55
51 56
51 57
52 54
52 55
52 56
53 56
54 56
55 56
55 57
55 58
55 59
56 58
56 59
57 58
57 59
58 59
375.0-390.0
NumEdges: 211
0 1
0 2
0 3
0 4
0 5
0 6
1 5
2 4
2 5
2 8
2 14
3 6
3 7
3 8
3 9
3 11
3 13
4 5
4 6
4 8
4 11
4 14
5 6
5 8
6 7
6 8
6 9
6 10
6 11
6 13
6 14
7 8
7 9
7 10
7 11
7 13
7 17
8 10
8 11
8 13
8 14
9 10
9 11
9 12
9 13
9 17
10 11
10 13
10 16
10 17
10 19
11 13
12 15
12 17
12 18
13 14
13 17
13 19
15 16
15 17
15 18
15 19
15 20
15 21
15 22
15 23
15 25
15 26
15 28
16 17
16 19
16 20
16 22
17 19
17 20
17 22
18 21
18 22
18 24
18 25
18 27
19 20
19 22
20 22
20 23
20 26
20 28
21 24
21 25
21 27
22 23
22 25
22 26
22 28
23 25
23 26
23 28
23 29
24 25
24 27
24 28
24 29
25 26
25 27
25 28
25 29
26 28
26 29
27 29
28 29
30 31
30 32
30 33
30 34
31 32
31 33
31 34
31 35
31 36
31 39
31 41
32 33
32 34
32 35
33 34
33 35
34 35
34 37
34 39
34 41
35 37
35 38
35 41
36 37
36 39
36 41
37 38
37 39
37 40
37 41
37 43
37 44
37 49
38 40
38 41
38 44
38 47
38 49
39 41
40 41
40 43
40 44
40 46
40 47
40 49
41 44
42 45
42 46
42 48
42 51
42 52
42 54
42 56
43 46
43 49
44 47
44 49
45 46
45 47
45 48
45 50
45 52
45 53
45 54
45 56
46 47
46 48
46 49
46 52
46 54
47 48
47 49
47 53
48 50
48 52
48 53
48 54
48 56
50 52
50 53
50 55
50 56
50 58
50 59
51 52
51 54
51 55
51 57
52 54
52 56
53 56
54 56
55 56
55 57
55 58
55 59
56 58
56 59
57 58
57 59
58 59
380.0-395.0
NumEdges: 207
0 1
0 3
0 4
0 5
0 6
1 5
2 4
2 5
2 8
2 14
3 4
3 6
3 7
3 8
3 11
4 5
4 6
4 8
4 11
4 14
5 6
5 8
6 7
6 8
6 9
6 10
6 11
6 13
6 14
7 8
7 9
7 10
7 11
7 13
7 17
8 10
8 11
8 13
8 14
9 10
9 11
9 12
9 13
9 17
10 11
10 13
10 16
10 17
10 19
11 13
12 15
12 17
12 18
13 14
13 17
13 19
15 16
15 17
15 18
15 19
15 20
15 21
15 22
15 23
15 25
15 26
15 28
16 17
16 19
16 20
16 22
17 19
17 20
17 22
18 21
18 22
18 24
18 25
18 27
19 20
19 22
20 22
20 23
20 26
20 28
21 24
21 25
21 27
22 23
22 25
22 26
22 28
23 25
23 26
23 28
23 29
24 25
24 27
24 28
24 29
25 26
25 27
25 28
25 29
26 28
26 29
27 29
28 29
30 31
30 32
30 33
30 34
31 32
31 33
31 34
31 35
31 36
31 39
31 41
32 33
32 34
32 35
33 34
33 35
34 35
34 37
34 39
34 41
35 37
35 38
35 41
36 37
36 39
36 41
37 38
37 39
37 40
37 41
37 43
37 44
37 49
38 40
38 41
38 44
38 47
38 49
39 41
40 41
40 43
40 44
40 46
40 47
40 49
41 44
42 45
42 46
42 48
42 51
42 52
42 54
42 56
43 46
43 49
44 47
44 49
45 46
45 47
45 48
45 50
45 52
45 53
45 54
45 56
46 47
46 48
46 49
46 52
46 54
47 48
47 49
47 53
48 50
48 52
48 53
48 54
48 56
50 52
50 53
50 55
50 56
50 58
50 59
51 52
51 54
52 54
52 56
53 56
54 56
55 56
55 57
55 58
55 59
56 58
56 59
57 58
57 59
58 59
