from 5.0 to 20.0
1 7.502655193470878 5.516354169849273 7.410182563600831 5.297613330895887
2 6.527867782854909 4.661695597004682 7.410182563600829 5.2976133308958895
from 10.0 to 25.0
1 8.103531523266769 5.63632789833844 7.254287856780238 5.3757510058334335
2 5.441406759806176 3.8442622154473307 7.254287856780239 5.375751005833435
from 15.0 to 30.0
1 4.826326221857895 3.3406175285292146 5.100508628697732 3.7210912112408563
2 3.771330521049696 2.6388767144509284 5.1005086286977335 3.7210912112408567
from 20.0 to 35.0
1 3.496357280785456 2.505380570066222 4.4461055282144555 3.1031116077126164
2 3.1956271907198928 2.2432454767719086 4.44610552821446 3.103111607712618
from 25.0 to 40.0
1 3.142014202240865 2.154313854925253 4.2906175503230415 2.830212940112209
2 2.7799818613993987 1.9936595731427327 4.290617550323045 2.830212940112209
from 30.0 to 45.0
1 3.1109400424148506 2.380715773520212 4.131815376522583 2.74884585113271
2 2.2028881411854786 1.5661413640643527 4.131815376522585 2.748845851132709
from 35.0 to 50.0
1 2.6713972329840314 1.9808308859647688 3.2901474013049845 2.2686187295143223
2 1.7939808686811716 1.3119858268877806 3.2901474013049836 2.268618729514323
from 40.0 to 55.0
1 2.419805788840042 1.9168882090314816 2.6545694893923986 2.138921703955385
2 1.6616727530980033 1.3010703465417046 2.6545694893923977 2.1389217039553845
from 50.0 to 65.0
1 2.064541969305725 1.8119680856461522 2.3691709313739917 1.9787304907078067
2 1.7511941999151799 1.2509108043465282 2.3691709313739926 1.9787304907078067
from 55.0 to 70.0
1 2.1176886788083875 1.8367586676589414 2.489322839543625 2.2820422177308437
2 2.169998851727365 1.8120731003485342 2.4893228395436258 2.2820422177308446
from 60.0 to 75.0
1 1.9404418660466427 1.716588303547291 2.0896245459827703 1.8729869975006912
2 1.742078806194035 1.3221938410268208 2.0896245459827725 1.8729869975006908
from 65.0 to 80.0
1 1.8885474021494844 1.6572289843421208 1.8370657444690974 1.6634266477103332
2 1.461144835818576 1.0963717558841874 1.8370657444690988 1.6634266477103317
from 70.0 to 85.0
1 1.946717157374225 1.5856184038343097 1.7814081241164033 1.506603111296399
2 1.3839801496661686 0.9844850750954962 1.7814081241164037 1.5066031112963982
from 75.0 to 90.0
1 1.8381817358490986 1.5086647647159555 1.6040626402380314 1.345886290414533
2 1.1987797676746836 0.845133117897337 1.604062640238033 1.3458862904145321
from 80.0 to 95.0
1 1.748906371638206 1.350153619680517 1.5369918016447623 1.2255134570529242
2 1.279495827518779 0.8976548271719735 1.5369918016447606 1.2255134570529234
from 85.0 to 100.0
1 1.8480978055449349 1.3850366731613184 1.5289626926045659 1.197796744951817
2 1.2067276349184277 0.9228372483461234 1.5289626926045659 1.1977967449518176
from 90.0 to 105.0
1 1.955972039872401 1.534638661730242 1.5732012076062565 1.239728251901112
2 1.1903945627185402 0.836125924478914 1.5732012076062551 1.2397282519011112
from 95.0 to 110.0
1 2.01760467967032 1.5491107109303732 1.5947600208924286 1.2347959560361794
2 1.0819515774826218 0.8527443341626495 1.59476002089243 1.2347959560361785
from 100.0 to 115.0
1 2.2451938558687785 1.5880435061706355 1.8123704964720473 1.3122519012844132
2 1.2767502419501726 0.8962453476350917 1.8123704964720497 1.312251901284412
from 110.0 to 125.0
1 2.1714970333907258 1.5340839772965789 1.8226754845129876 1.3432761032831524
2 1.3942392581803016 1.0160306517231303 1.822675484512986 1.3432761032831528
from 115.0 to 130.0
1 2.188623523329092 1.582421715313278 1.8161349026860003 1.3520697020085495
2 1.448815477385914 1.0310898403415838 1.816134902686001 1.3520697020085504
from 120.0 to 135.0
1 2.0216628285903897 1.5404966871907086 1.726531788275712 1.2971282598174474
2 1.3947762704885498 1.018104896127795 1.7265317882757125 1.297128259817447
from 125.0 to 140.0
1 1.861307574695893 1.3705307285434434 1.6176892182652303 1.2186442882457271
2 1.3786049437547439 1.0207670129334276 1.6176892182652285 1.2186442882457273
from 130.0 to 145.0
1 1.422427138896657 1.0525306047232654 1.3032684338635938 0.9427981360448326
2 1.2114887836186297 0.8556484272227587 1.3032684338635954 0.9427981360448323
from 140.0 to 155.0
1 16.78506143805381 14.798837096630344 18.273894516637707 13.729442651389178
2 19.25577539562501 14.45854690947419 18.273894516637707 13.729442651389174
from 150.0 to 165.0
1 27.677286632620035 23.17535609303513 32.705748632701095 23.17518962009934
2 36.41519506296169 25.763975492852094 32.70574863270103 23.175189620099335
from 155.0 to 170.0
1 21.35243819180487 17.2524093249595 29.39183175046509 19.407939431066232
2 34.12009122508744 24.547605879142797 29.39183175046515 19.407939431066243
from 160.0 to 175.0
1 16.24286412236845 13.156553858482411 26.505203981025343 16.17420659800476
2 31.129953976725904 22.73087245192256 26.50520398102536 16.17420659800477
from 165.0 to 180.0
1 12.666090523656159 10.311678269146828 25.94008429305502 14.066199473401069
2 30.392087953633624 22.739286221701693 25.940084293055016 14.066199473401078
from 175.0 to 190.0
1 8.816582218138223 6.625960581664558 21.68676169226711 11.672219293477584
2 25.852560496880663 18.705364761075888 21.68676169226711 11.672219293477585
from 180.0 to 195.0
1 4.55042426299433 3.7129985868560955 16.33513741351745 10.003007740908423
2 19.146884165748265 13.365051641750071 16.335137413517465 10.003007740908423
from 185.0 to 200.0
1 5.307556755488155 4.181299255359668 16.079314648193858 10.310225954114493
2 18.40123592606055 12.94060106463913 16.079314648193858 10.310225954114488
from 190.0 to 205.0
1 4.458405667109451 3.539444301511838 17.041529081324352 11.24672710770676
2 19.523392198719257 13.714298598489966 17.041529081324374 11.246727107706755
from 200.0 to 215.0
1 4.579217603847379 3.3966326169261425 17.248089759410785 11.893112000206472
2 19.869133332299022 13.934079902674217 17.24808975941079 11.89311200020647
from 205.0 to 220.0
1 4.388937660909623 3.1870767776409936 17.15868813046179 12.076434637999059
2 19.750394842004134 13.919810135067552 17.158688130461776 12.076434637999066
from 210.0 to 225.0
1 4.284333424914142 3.090181200732439 17.587480017162736 12.1973182995365
2 19.74379845708812 13.864608084860865 17.587480017162743 12.197318299536493
from 215.0 to 230.0
1 3.6099089380758005 2.738594574464789 17.70707794808173 12.253867871885335
2 19.336588277887266 13.510553473235369 17.707077948081746 12.253867871885339
from 220.0 to 235.0
1 3.7466108145063495 2.7109805199528614 18.19107741267178 12.046653971017182
2 19.13957978898739 13.445894198859115 18.19107741267177 12.046653971017175
from 225.0 to 240.0
1 14.789008058468875 11.921135179040785 16.219814765965687 13.35714511372699
2 6.135285039247426 5.980316161149319 16.219814765965673 13.357145113726983
from 230.0 to 245.0
1 23.127686545080298 17.915888005620342 22.484980052636978 16.042814045095383
2 17.56071919301163 12.782918926616402 22.484980052636953 16.042814045095383
from 235.0 to 250.0
1 16.297633285687876 12.032070346668464 17.7566655559745 12.363237329929358
2 14.73845991700745 10.766572608248923 17.756665555974482 12.363237329929358
from 240.0 to 255.0
1 10.4779149908569 7.467566606336283 14.353814439423159 10.392558287693824
2 12.397065375784035 9.129223154212877 14.35381443942315 10.392558287693815
from 245.0 to 260.0
1 7.565614591559071 5.335033310715445 13.518709151702936 9.804710870457441
2 12.793505909586921 9.28621912043529 13.518709151702918 9.80471087045745
from 250.0 to 265.0
1 4.725399387886563 3.256614521088485 11.476391804227092 6.98414379265618
2 8.318064509662609 6.198295721017459 11.4763918042271 6.98414379265618
from 260.0 to 275.0
1 1.998792818444431 1.5630933364427972 8.90440649925873 3.401214102469627
2 4.020992869889256 3.614958227196949 8.904406499258744 3.401214102469628
from 265.0 to 280.0
1 2.3912692698726783 2.158265635020801 8.15445711262373 3.6274165818605364
2 3.395037973183454 2.403633166834697 8.154457112623733 3.6274165818605386
from 270.0 to 285.0
1 2.7390220020338605 2.1197057765411627 7.695471312920021 3.706446627540677
2 3.3475226031842946 2.3381241392586323 7.695471312919998 3.706446627540674
from 275.0 to 290.0
1 2.853564829333168 1.9758165403270784 7.885224247556825 4.050896221916622
2 3.825694008107324 2.7501338227518835 7.885224247556815 4.050896221916623
from 280.0 to 295.0
1 2.8306125908661355 1.9456861983774523 8.002460012517599 4.636038450608018
2 4.807775920833405 3.4276164958894357 8.002460012517604 4.636038450608015
from 285.0 to 300.0
1 2.7600251541311627 1.9204401767681791 7.549280576387076 4.732099198984566
2 5.062118824076891 3.537682554440132 7.549280576387085 4.732099198984567
from 290.0 to 305.0
1 2.911270529958827 2.022540387370429 7.435263782044487 4.895579832860677
2 5.3520980828572915 3.799852221419982 7.435263782044488 4.89557983286068
from 300.0 to 315.0
1 2.857380980880539 1.9776533944021861 7.618913242086396 5.0933458697846765
2 5.55162246159718 3.9888289931693017 7.618913242086395 5.0933458697846765
from 305.0 to 320.0
1 2.6790459965112303 1.9273265703472762 7.29357251473477 4.995649777559585
2 5.632996402886804 3.9373975744035556 7.29357251473477 4.9956497775595885
from 310.0 to 325.0
1 3.2804167296978686 2.6982684805479273 7.034218001119889 4.689385985813013
2 5.446259742785468 3.7945013450339933 7.034218001119896 4.689385985813012
from 315.0 to 330.0
1 3.4649244572757825 2.7400079563134625 6.9901702157111805 4.651428192914269
2 5.55871851402642 3.8925452767147495 6.990170215711189 4.651428192914269
from 320.0 to 335.0
1 4.829546253839269 3.5110460838036466 7.0849212781407855 4.829400902123192
2 5.723954878294259 3.978608247620713 7.084921278140786 4.829400902123187
from 325.0 to 340.0
1 5.187469584442273 3.749964428438246 7.19149207598876 4.814375596942722
2 5.5508091477653885 4.003201652288667 7.191492075988764 4.814375596942713
from 330.0 to 345.0
1 4.980844017694043 3.6550514082416643 7.154771503744304 5.14120898978445
2 6.699330065538631 4.669668472290397 7.1547715037443 5.141208989784453
from 335.0 to 350.0
1 4.5425270769194634 3.2053241750359778 6.923313547119167 5.186301266282725
2 6.450823467278048 4.707610505694011 6.923313547119161 5.1863012662827215
from 345.0 to 360.0
1 4.504354826516544 3.183538877747487 6.571322974826277 4.869340881020786
2 5.810821043162641 4.112015739624909 6.5713229748262805 4.8693408810207846
from 350.0 to 365.0
1 4.426107444535728 3.068425326225149 6.337378815723192 4.639910751538556
2 5.310761615616123 3.724236917633418 6.337378815723191 4.639910751538562
from 360.0 to 375.0
1 4.0047950758542195 2.8692538338304416 6.262225561591913 4.4310885969762435
2 5.003197406160195 3.5166985079680066 6.262225561591915 4.431088596976245
from 365.0 to 380.0
1 3.976625625127539 2.8188764533902013 6.249476065514657 4.529526415953774
2 5.144773286042057 3.713987832818428 6.249476065514662 4.529526415953772
from 370.0 to 385.0
1 3.99959340462741 2.786513647374068 6.320754585382879 4.6334665548128005
2 5.2215370429689765 3.9340583263277717 6.320754585382887 4.633466554812803
from 375.0 to 390.0
1 3.99446192200461 2.815876123442557 6.24245989054038 4.900872266120043
2 5.603043404326826 4.516924282782947 6.242459890540378 4.90087226612004
from 380.0 to 395.0
1 3.8573423281797727 2.622945511602622 6.173860760920593 5.9347583636487204
2 6.763930177276202 6.348872619510568 6.173860760920582 5.934758363648723
