from 5.0 to 20.0
1 0.010774156766236047 0.007921561779977743 1.0599858932007715 0.009506184182847242
2 0.002248450342482559 0.001754478673838006 1.0599858932007702 0.009506184182847236
from 10.0 to 25.0
1 0.06100175310979543 0.07758459490544642 1.0839291529708563 0.08583241020576327
2 0.04200247036268494 0.06113671121830917 1.0839291529708557 0.08583241020576324
from 15.0 to 30.0
1 0.015103847331724238 0.012864539612307975 1.1112807106491986 0.014167202071713975
2 0.003793338278473939 0.0026924473090603404 1.1112807106491982 0.014167202071713982
from 20.0 to 35.0
1 0.009675452829891714 0.014971984767548317 1.15666200711007 0.029302274058913533
2 0.016488630472482325 0.034450141907312416 1.156662007110068 0.029302274058913527
from 25.0 to 40.0
1 0.01668868573002079 0.0242123134659883 1.1998960395388683 0.021452257151953237
2 0.0074471923823577315 0.00565044511352125 1.1998960395388667 0.021452257151953265
from 30.0 to 45.0
1 0.002804941696981338 0.004009841855034566 1.253424735179706 0.0038410506322338906
2 0.0018757339156295287 0.0017492647171402646 1.2534247351797043 0.00384105063223389
from 35.0 to 50.0
1 0.006818837005812212 0.00814483711063399 1.2830231520971274 0.011353457595149833
2 0.007481147762416958 0.009893899196482083 1.283023152097126 0.011353457595149833
from 40.0 to 55.0
1 0.007989433668685066 0.01266322611752311 1.3028250356518112 0.016175107011326743
2 0.006007818985229426 0.016763939536179485 1.3028250356518105 0.01617510701132674
from 50.0 to 65.0
1 0.002693502027689023 0.0026179793008310076 1.3130977304923428 0.006408010574087793
2 0.0056903781110093105 0.0062022520596354365 1.3130977304923426 0.006408010574087796
from 55.0 to 70.0
1 0.0083205980205172 0.015136579336559024 1.3124192026395405 0.012153707464257785
2 0.0021657120074661225 0.0016042420449812135 1.3124192026395394 0.012153707464257785
from 60.0 to 75.0
1 0.004582506340797947 0.008880235574575193 1.3170462184891278 0.008499225324869252
2 0.0037599212762168543 0.005954876694047845 1.317046218489126 0.008499225324869252
from 65.0 to 80.0
1 0.025927612178911555 0.02878719471008148 1.305692850261953 0.02793752499523635
2 0.005185300880037996 0.009327784294651361 1.305692850261953 0.027937524995236346
from 70.0 to 85.0
1 0.010111339502629501 0.023001794852806234 1.3063293509222225 0.020404601449411017
2 0.007259266677340072 0.013318800756069388 1.3063293509222258 0.02040460144941101
from 75.0 to 90.0
1 0.003957327938392243 0.008414085874145478 1.2882133800129354 0.00654304089529132
2 0.0010647098482293284 9.92161779528309E-4 1.2882133800129354 0.006543040895291319
from 80.0 to 95.0
1 0.012762687252068812 0.01839954875755959 1.2685501216110555 0.016364916476125514
2 0.0025047801653816405 0.006810812546344931 1.2685501216110555 0.016364916476125518
from 85.0 to 100.0
1 0.003197332204241419 0.008200228711883497 1.2386084033962859 0.00785647859913452
2 0.002688113447810289 0.006558408277733891 1.238608403396286 0.007856478599134518
from 90.0 to 105.0
1 0.005469620011756798 0.008522072568167716 1.211531667513419 0.00707284044990086
2 8.041235864098031E-4 5.577368149308442E-4 1.2115316675134213 0.0070728404499008565
from 95.0 to 110.0
1 0.006742490421057939 0.012952549337121234 1.1718048295926573 0.012176319568939716
2 0.005784562719823515 0.007749816580519461 1.1718048295926566 0.012176319568939704
from 100.0 to 115.0
1 0.006332136997283974 0.004783866056946144 1.1284483892313937 0.006188250978757668
2 0.002924808469658445 0.0027738166717898734 1.1284483892313917 0.006188250978757675
from 110.0 to 125.0
1 0.010671616142684925 0.022324633899889448 1.07852112578466 0.017935341038724687
2 0.003704584216121411 0.006288154387252246 1.0785211257846603 0.017935341038724673
from 115.0 to 130.0
1 0.0036975439058920347 0.002832752255356058 1.0328107019631623 0.008219503729044165
2 0.003983266155108737 0.010110246513733158 1.0328107019631612 0.008219503729044163
from 120.0 to 135.0
1 0.011139650120934702 0.017809169022541132 0.9940393607965536 0.02788393560060866
2 0.02461274695885893 0.023698180437318618 0.9940393607965532 0.02788393560060865
from 125.0 to 140.0
1 0.00575502102728187 0.004936077990047199 0.945444805864828 0.01885846670051703
2 0.01233146301866737 0.022940366994124425 0.9454448058648283 0.018858466700517044
from 130.0 to 145.0
1 0.004862045300989515 0.00715935985311907 0.908748517178171 0.023667845451361788
2 0.023779136105527905 0.022773291050079206 0.9087485171781718 0.023667845451361778
from 140.0 to 155.0
1 0.9654503686889854 1.2596092338346034 1.159055685659907 1.4534990087457518
2 1.1205509485791738 1.5377050059215374 1.1590556856599066 1.4534990087457513
from 150.0 to 165.0
1 0.45920858776182777 0.38158612523020385 0.5262408972413618 0.4097087953067257
2 0.33242839723382767 0.23620520002592332 0.5262408972413621 0.40970879530672594
from 155.0 to 170.0
1 0.009396979603351483 0.00751622000377124 0.12958216379191415 0.03012260612361028
2 0.03356805883833035 0.024611151421269618 0.12958216379191403 0.030122606123610243
from 160.0 to 175.0
1 0.01975005484150258 0.019718939569254877 0.10707400325032944 0.03125300504020704
2 0.02819667076805266 0.021140228310486505 0.10707400325032927 0.031253005040207026
from 165.0 to 180.0
1 0.017978658715169855 0.01764955677841116 0.10881419057854247 0.040543746261206194
2 0.041647151753017905 0.032120579793635314 0.1088141905785423 0.04054374626120618
from 175.0 to 190.0
1 0.01984566408305399 0.01753506107607037 0.08229908305081518 0.02632831859657586
2 0.02176674271356744 0.016094919202203604 0.08229908305081514 0.026328318596575882
from 180.0 to 195.0
1 0.021275368695804188 0.016916135886109136 0.07408217628678301 0.023308880269513967
2 0.015212937723524637 0.012446827199104409 0.074082176286783 0.02330888026951396
from 185.0 to 200.0
1 0.02336619630929729 0.016894159600733424 0.06624178813035947 0.02261221185890265
2 0.011556698406761295 0.00982211292310766 0.0662417881303595 0.022612211858902657
from 190.0 to 205.0
1 0.018428284435201843 0.013314214819819932 0.055365705793268286 0.01880159603143911
2 0.01154340402715808 0.009161548685152761 0.05536570579326826 0.018801596031439112
from 200.0 to 215.0
1 0.009566492890957928 0.006716822392092781 0.04315027373522798 0.01466643659279118
2 0.01439350443638729 0.010061662339283297 0.043150273735227965 0.014666436592791184
from 205.0 to 220.0
1 0.008073550171862278 0.005882216739001837 0.038265794964563726 0.013802075928618386
2 0.014013187724982725 0.009898496266823579 0.03826579496456372 0.01380207592861838
from 210.0 to 225.0
1 0.005955367139716588 0.0058817035993313435 0.04141093149985252 0.019707810479915867
2 0.02199063270964535 0.015989239522120655 0.04141093149985252 0.019707810479915846
from 215.0 to 230.0
1 0.005112485824470585 0.005308098892339979 0.04292094035754424 0.022462348433127177
2 0.025639820941800555 0.018449515117713845 0.042920940357544256 0.022462348433127173
from 220.0 to 235.0
1 0.007389981950660127 0.0073193328988016525 0.048642582399759944 0.02834577719804226
2 0.0325299204341731 0.02326459455457027 0.04864258239975995 0.028345777198042283
from 225.0 to 240.0
1 0.009033572011252464 0.006595299836216258 0.03842643885212229 0.01692390387147181
2 0.017680062219772787 0.012445964917556989 0.03842643885212221 0.01692390387147179
from 230.0 to 245.0
1 0.02353735831890745 0.019412927617682495 0.024161007537296584 0.014194613287524204
2 0.015194251972842533 0.012839613210709816 0.024161007537296574 0.014194613287524213
from 235.0 to 250.0
1 0.021630584132512624 0.017750828176769637 0.02224283772113029 0.01675940658477308
2 0.022763998694833528 0.017091489403891057 0.022242837721130296 0.016759406584773085
from 240.0 to 255.0
1 0.022400680635247076 0.018574008873722604 0.024726224542978303 0.018299423601210604
2 0.024146855615583687 0.018333310676233245 0.024726224542978296 0.018299423601210615
from 245.0 to 260.0
1 0.021228791416200207 0.017933840960406396 0.024907163416229124 0.018242551673390273
2 0.021759074057076097 0.015774244160113672 0.02490716341622916 0.018242551673390277
from 250.0 to 265.0
1 0.017215173578388976 0.013573621488337637 0.0317800853294032 0.023262135278157906
2 0.02797052973439885 0.020752973910144322 0.03178008532940319 0.023262135278157913
from 260.0 to 275.0
1 0.016604233597646876 0.011848511379885497 0.03826257285380715 0.024893093126719276
2 0.025658679072894704 0.01888730788054846 0.03826257285380718 0.02489309312671927
from 265.0 to 280.0
1 0.016075312701357654 0.011382081953537994 0.03875976146184555 0.022493753163267887
2 0.022617239386260056 0.016309809880602925 0.038759761461845586 0.02249375316326788
from 270.0 to 285.0
1 0.016556831482927675 0.011501367087325505 0.04455216715260271 0.024016903081035434
2 0.023888131409744592 0.017231308302954575 0.044552167152602754 0.024016903081035428
from 275.0 to 290.0
1 0.015260611277094173 0.0108374593374542 0.06208718410256076 0.028616182828498374
2 0.02991159463529351 0.022253449417933547 0.06208718410256077 0.028616182828498354
from 280.0 to 295.0
1 0.015172793571343017 0.010949272180749682 0.07696478226514943 0.030038687369711714
2 0.03076656621332919 0.02401398791291041 0.0769647822651495 0.030038687369711704
from 285.0 to 300.0
1 0.016427346694478803 0.012017250671760491 0.10684437695897216 0.03667383869771204
2 0.03589634489324992 0.03286149513077117 0.10684437695897203 0.036673838697712034
from 290.0 to 305.0
1 0.005901195580985179 0.004484055690002762 0.19617916565739263 0.08968500449925258
2 0.08046070856397948 0.10056172641873509 0.19617916565739282 0.08968500449925265
from 300.0 to 315.0
1 0.0045805313994509616 0.003514629973349098 0.24072343932868026 0.10412081482533402
2 0.091261218366709 0.11860863964827348 0.24072343932868043 0.10412081482533397
from 305.0 to 320.0
1 0.005147554675531393 0.004047209448399684 0.2275512473640552 0.08170135461551853
2 0.07252073221339732 0.09224121299299326 0.22755124736405524 0.08170135461551854
from 310.0 to 325.0
1 3.419698075729196E-4 2.4259522538369778E-4 0.5110864156995553 0.00545884993705634
2 0.006267409967763134 0.004711365848939589 0.5110864156995547 0.00545884993705634
from 315.0 to 330.0
1 8.821036092492413E-4 0.001096762008351598 0.4885873680927394 0.015077057653224939
2 0.017130727123269185 0.013223827359005541 0.4885873680927388 0.015077057653224953
from 320.0 to 335.0
1 0.003407618287384715 0.0024619716686977854 0.43405730820197724 0.02007798700320942
2 0.022793243074484795 0.017229271324205035 0.4340573082019772 0.02007798700320941
from 325.0 to 340.0
1 0.01831250249429788 0.04063503621515721 0.36213196206902976 0.03585222664714479
2 0.020833906237816644 0.015453342401903035 0.36213196206903014 0.035852226647144804
from 330.0 to 345.0
1 0.005451967409167682 0.0038390560179595444 0.2645321977659569 0.031136939752719663
2 0.03420617335692898 0.02813105276565348 0.26453219776595716 0.031136939752719642
from 335.0 to 350.0
1 0.0057168162834840015 0.004017400686297539 0.18853310710450927 0.030262312770978173
2 0.02381254543681394 0.054703669149547704 0.18853310710450955 0.030262312770978173
from 345.0 to 360.0
1 0.005827825283053098 0.004093967052108429 0.1107968897735326 0.013714084734546625
2 0.014682753390488242 0.011082222080300401 0.11079688977353253 0.013714084734546628
from 350.0 to 365.0
1 0.01897710893850587 0.035376189026911205 0.044897415738787166 0.04870176674665327
2 0.04197285918439417 0.059104097778637586 0.04489741573878713 0.04870176674665326
from 360.0 to 375.0
1 0.005694424002814639 0.0040999678735492515 0.06204282828904514 0.011861125554038364
2 0.012560307344164277 0.009169382768593711 0.062042828289045095 0.01186112555403837
from 365.0 to 380.0
1 0.004416295888020421 0.0030498934194225368 0.144482753541911 0.0188224646162262
2 0.01393621174115357 0.02258274323051092 0.144482753541911 0.01882246461622621
from 370.0 to 385.0
1 0.004208889356187868 0.00291117189745838 0.22779342788930035 0.006585097174846096
2 0.006484759048039761 0.0046342016358911315 0.22779342788930032 0.006585097174846095
from 375.0 to 390.0
1 0.012414207806925887 0.035103864443902386 0.3052330365997936 0.0456367740736272
2 0.020593087342675728 0.04998596525485766 0.3052330365997936 0.045636774073627165
from 380.0 to 395.0
1 0.014043348255245875 0.028531457443206766 0.3965589961270916 0.055638574651420226
2 0.05589151257107092 0.04764109862945386 0.39655899612709145 0.055638574651420185
