from 5.0 to 20.0
1 4.109887027281636 3.057824207486368 3.5859045760135775 1.7198755528870922
2 1.4011799792920192 1.0605930188425414 3.5859045760135797 1.7198755528870937
from 10.0 to 25.0
1 3.2397040532673356 2.2335531683688803 3.1829087774703053 2.249494924393961
2 1.6445142189631872 1.2678144180233264 3.1829087774702995 2.249494924393961
from 15.0 to 30.0
1 2.0353589384278217 1.5677061521366562 3.3261388971675023 1.9768107516029305
2 1.4734352774864672 1.0529747223191712 3.3261388971675006 1.9768107516029303
from 20.0 to 35.0
1 1.5071317799080903 1.1063935783769894 3.2951825197485665 1.73861256421543
2 1.3825280436161724 0.9723348171821032 3.295182519748561 1.7386125642154304
from 25.0 to 40.0
1 0.5475693286424366 0.38222903326676627 3.5025373779347277 1.2334181919569833
2 1.3493157770450073 0.9386028199149026 3.5025373779347238 1.2334181919569835
from 30.0 to 45.0
1 0.4406931001870115 0.32240513931040243 3.5974363466567127 0.9007290318033899
2 0.961518930454715 0.6752066702554984 3.597436346656715 0.9007290318033903
from 35.0 to 50.0
1 0.40214328576918107 0.2909659620204561 2.8671218991657725 0.7212019017468426
2 0.7470999553685014 0.5211494934770731 2.867121899165769 0.7212019017468427
from 40.0 to 55.0
1 0.43561475470676775 0.3141084514890789 2.147003667307097 0.6324934517640867
2 0.6034067330835571 0.41852291291629923 2.1470036673070965 0.6324934517640872
from 50.0 to 65.0
1 0.3971300333286283 0.2975257282313097 1.779672597314152 0.625778554996576
2 0.6165899232885812 0.4287043943567459 1.7796725973141538 0.625778554996576
from 55.0 to 70.0
1 0.47371831078093 0.3342793211680938 1.787709830924356 0.7448713682868116
2 0.7070288568421573 0.5584707449636469 1.7877098309243566 0.7448713682868116
from 60.0 to 75.0
1 0.4543055650290284 0.3198995098009547 1.436447140936954 0.6160273097100794
2 0.559191349554346 0.4080241199872172 1.436447140936955 0.6160273097100791
from 65.0 to 80.0
1 0.5795207493660961 0.41852343575777423 1.146312266938581 0.5861019540400068
2 0.38773453925976875 0.2783206878727698 1.1463122669385803 0.5861019540400068
from 70.0 to 85.0
1 0.6764541686478491 0.494190690457396 1.0040228580926562 0.588308904642841
2 0.33551074617891113 0.2542415765639757 1.0040228580926556 0.5883089046428412
from 75.0 to 90.0
1 0.6441499868810516 0.47030438600490926 0.7725957521251441 0.46892536773330595
2 0.1934476777103687 0.1442861990728409 0.7725957521251446 0.4689253677333064
from 80.0 to 95.0
1 0.4520423669451514 0.3171773699962938 0.5559866894624376 0.33873890555300534
2 0.1733423785525063 0.12542562614258473 0.5559866894624372 0.33873890555300556
from 85.0 to 100.0
1 0.3797278526588727 0.2713573575690465 0.3932850447145414 0.2565366645094434
2 0.2615540110083228 0.2146205420283564 0.39328504471454145 0.2565366645094433
from 90.0 to 105.0
1 0.569015591856046 0.3985462370384347 0.46867606702380366 0.33127626516409514
2 0.3281610504515047 0.23276999479943705 0.4686760670238033 0.3312762651640954
from 95.0 to 110.0
1 0.6720846221014081 0.5063139051653666 0.5706972978168099 0.42561852968455993
2 0.33999426676651473 0.259439434239217 0.5706972978168094 0.42561852968455993
from 100.0 to 115.0
1 0.9970485105877087 0.7740876188940898 0.8113406212087229 0.6952138030353556
2 0.3537020058673735 0.2887126570753587 0.8113406212087221 0.6952138030353556
from 110.0 to 125.0
1 0.9090954403601796 0.7589574575622898 0.8105001016829934 0.6662653027967116
2 0.46161118833996057 0.39901213421862064 0.810500101682994 0.6662653027967119
from 115.0 to 130.0
1 0.8422306067779238 0.6846009655828134 0.8512403587152817 0.5733977175383612
2 0.6775459074020537 0.5437222205809776 0.8512403587152809 0.5733977175383607
from 120.0 to 135.0
1 0.7175507609216166 0.571825584107596 0.7869195669275184 0.5517821036055359
2 0.6584967222131257 0.5249623956255939 0.7869195669275184 0.5517821036055354
from 125.0 to 140.0
1 0.6864030546606508 0.5609948165425779 0.7777452093657597 0.6010707665326309
2 0.616570655509305 0.46913612141340305 0.7777452093657604 0.6010707665326308
from 130.0 to 145.0
1 0.46095296157518356 0.3593721618554928 0.600205477186242 0.4295294186858551
2 0.35753160079819196 0.24783739772332994 0.6002054771862412 0.42952941868585515
from 140.0 to 155.0
1 11.13348144090377 9.3790348079122 12.151466337477007 8.28635069682395
2 12.411644706571458 8.961694585915843 12.15146633747703 8.286350696823943
from 150.0 to 165.0
1 17.84806109075867 14.831700198648518 21.972722049524904 15.708152639784824
2 24.508159981656483 17.998315456923493 21.972722049524894 15.708152639784828
from 155.0 to 170.0
1 12.273343967047852 9.88331365077237 19.446568387321978 12.22752771403426
2 22.339971433470534 16.482495535536728 19.446568387321964 12.227527714034256
from 160.0 to 175.0
1 8.078816825598588 6.4693881390559635 17.593965945802644 9.882625100354655
2 20.382541179698915 15.205143991992786 17.59396594580264 9.88262510035465
from 165.0 to 180.0
1 5.313523250106959 4.218011923943862 18.25647983875013 8.828530021421155
2 20.89399162052834 16.07806878801763 18.256479838750142 8.828530021421148
from 175.0 to 190.0
1 2.9886551448460925 2.4123311093622126 14.040830989125785 8.267926705958931
2 16.285706666036628 11.950141100311697 14.040830989125798 8.267926705958926
from 180.0 to 195.0
1 0.6054336838160844 0.5799063928344645 10.904623949049727 7.651704394590281
2 10.875771585357711 7.6316184968925365 10.904623949049713 7.65170439459028
from 185.0 to 200.0
1 0.9909267755303298 0.809014653729497 11.110608958719501 8.0877664088221
2 10.751742212291214 7.639620618871996 11.110608958719494 8.087766408822104
from 190.0 to 205.0
1 1.049911324390606 0.8165907947641418 12.313754516986924 8.942901327347167
2 11.76471642481071 8.321313808039408 12.313754516986915 8.942901327347167
from 200.0 to 215.0
1 2.1744157089185263 1.6104522079412738 12.802868451872092 10.232839254613534
2 12.945852659326214 9.385638894142755 12.802868451872095 10.232839254613534
from 205.0 to 220.0
1 1.234659830326894 1.0300156029468843 12.78590679587738 10.919033984272778
2 14.170545681313403 10.501856769367851 12.785906795877409 10.91903398427277
from 210.0 to 225.0
1 1.3948006878897445 1.1334778794674005 14.021153679024737 11.377549194771648
2 14.934674882758793 10.915735674891199 14.021153679024735 11.377549194771644
from 215.0 to 230.0
1 1.132902545578276 0.8315410342179433 14.822241589778447 11.590274973786723
2 15.369093679596492 11.153741978890308 14.822241589778466 11.590274973786727
from 220.0 to 235.0
1 1.314512207569894 0.9690357115999012 15.89510091775924 11.532944616728173
2 16.153887739430733 11.621065637656812 15.895100917759239 11.532944616728164
from 225.0 to 240.0
1 9.74637246635575 8.066423894674854 14.776893257213437 9.10038785545456
2 2.7064093917775427 2.057940344666299 14.776893257213441 9.100387855454558
from 230.0 to 245.0
1 17.39465329014779 14.58017475574556 15.08967955859006 13.170808561981643
2 7.983417022326987 5.91018208026728 15.089679558590056 13.170808561981655
from 235.0 to 250.0
1 12.054207269206628 10.014915441572342 11.862911720733477 10.127506478908824
2 6.431350636995375 4.680156580640492 11.862911720733457 10.127506478908828
from 240.0 to 255.0
1 6.566450400048911 5.423374865969455 10.400941550990405 6.854713632060032
2 4.388385234367057 3.331403937975043 10.40094155099041 6.85471363206003
from 245.0 to 260.0
1 2.893503731595738 2.175080245110788 10.571384693816583 5.172617119650276
2 5.3778465919978355 4.054720758970298 10.571384693816585 5.172617119650278
from 250.0 to 265.0
1 1.0461674230695406 0.8164229229944066 10.979435877547692 2.102402053918592
2 3.17852525680378 4.361452935515049 10.979435877547722 2.102402053918592
from 260.0 to 275.0
1 1.8928623379618619 1.3826225411577542 8.461850341544396 3.2483218853694975
2 3.2057938783609736 2.461544036047975 8.461850341544386 3.2483218853694993
from 265.0 to 280.0
1 2.0345199692511704 1.551812218260674 7.984743097754952 3.555882734106476
2 3.4019911920778605 3.1984940227802006 7.984743097754945 3.5558827341064756
from 270.0 to 285.0
1 2.048697398623019 1.6521491622721114 7.377530152590689 3.0268115138403777
2 2.4718834907924276 2.688371913127398 7.377530152590691 3.0268115138403773
from 275.0 to 290.0
1 1.0007037471403624 0.8423511114538246 7.380632874194815 2.320012573984722
2 2.4152603343529826 1.8951714548750707 7.380632874194807 2.320012573984723
from 280.0 to 295.0
1 1.0239896095153367 0.8939563749676578 7.372585078171205 2.5583696102464097
2 2.7055746071558944 2.1093104054483556 7.372585078171194 2.5583696102464106
from 285.0 to 300.0
1 0.9640722079884531 0.803988526598467 6.829114603905556 2.5545050944116117
2 2.6843371594890324 2.1724474727468643 6.829114603905547 2.5545050944116103
from 290.0 to 305.0
1 1.1777583126254516 0.8949613773519163 6.708293645119278 3.0524048958181016
2 3.21713205408342 2.595940286389833 6.708293645119285 3.052404895818102
from 300.0 to 315.0
1 0.888306096315999 0.650557848149004 6.985882375482429 3.3113836822277647
2 3.7293917162467562 2.750649547305704 6.9858823754824195 3.3113836822277647
from 305.0 to 320.0
1 0.730421587147451 0.5960488220826028 6.72148069002403 3.022617919309988
2 3.355749980288927 2.598590853460239 6.721480690024026 3.0226179193099862
from 310.0 to 325.0
1 0.9909979888321524 0.8413917170692033 6.220002577881595 2.674085553288464
2 2.9437148509456694 2.1069283260681453 6.220002577881585 2.6740855532884655
from 315.0 to 330.0
1 1.0832863352094473 0.8849875005657101 6.123134538330864 2.86356172038817
2 3.099770589676767 2.323832575963449 6.1231345383308655 2.8635617203881703
from 320.0 to 335.0
1 1.9341256928745227 1.5945153114974582 5.700686074115144 3.409366629636621
2 3.3970687620126587 2.538818681911317 5.700686074115151 3.40936662963662
from 325.0 to 340.0
1 2.131192977769612 1.6846124038470323 5.685675239905925 3.4782085156842153
2 3.4473262179157484 2.5080197268619466 5.685675239905925 3.478208515684219
from 330.0 to 345.0
1 2.104141985648598 1.6878691270664516 5.178402583589344 3.584028120845077
2 3.834103718401652 2.730835055694101 5.178402583589327 3.5840281208450753
from 335.0 to 350.0
1 2.15562374605876 1.543786271711261 5.390730230364698 3.4501952651299557
2 3.590781548432087 2.5322888130615437 5.390730230364703 3.4501952651299534
from 345.0 to 360.0
1 2.092105591112781 1.4920389520417647 5.295059170127008 3.3651790151620045
2 3.405350138881354 2.439809872937539 5.295059170126999 3.3651790151620085
from 350.0 to 365.0
1 2.15746895093207 1.4985802891471935 5.374940384312268 3.2295156532483253
2 3.1865607391279376 2.271109448290923 5.374940384312255 3.229515653248322
from 360.0 to 375.0
1 1.7604554386864728 1.213701225342851 5.604411000267538 2.549898529236957
2 2.3885897673114775 1.7817807141061086 5.604411000267536 2.5498985292369585
from 365.0 to 380.0
1 1.6204544625038382 1.113215139881354 5.411268203558994 2.3410017604514484
2 2.1580567746295514 1.6781536913752597 5.4112682035589925 2.3410017604514475
from 370.0 to 385.0
1 1.681021317031192 1.1650678676286659 5.477072161131653 2.362634852227761
2 2.0805381926022894 1.7427565601647548 5.4770721611316535 2.36263485222776
from 375.0 to 390.0
1 1.5378152399500897 1.0865986285466398 5.293290831741184 2.347713834102631
2 2.0907820183133534 1.8672707757908742 5.2932908317411895 2.347713834102631
from 380.0 to 395.0
1 1.5145329083867762 1.0498751140044214 4.695165060326603 3.0063548716894553
2 2.868764331986443 2.66928367552416 4.695165060326601 3.006354871689456
