100.0			100.0			100.0
100.0			100.0			100.0
100.0			100.0			100.0
70.1499288635923	100.0			67.07217330625706
68.16986099792251	78.67514398467748	66.78280100072688
67.84576924575403	73.4141606599793	66.99325643736756
67.31852100580315	72.74945209791767	67.14615847775187
67.03528778129227	71.63207717457833	67.16653007524155
67.03068208959748	71.05580625651805	68.72440118046488
66.76714751776349	68.7697664891299	69.08358335427567
66.7246677001882	67.07217330625706	69.238354400909
66.71125217313485	64.79584151120049	69.29647764411501
66.7246677001882	64.75642857570972	69.4650792371725
0.5017076096280546	0.0			72.84487184738188
1.4527251209908303	0.04529857581094339	75.77399144982266
2.439238477503627	0.3219343127347864	77.26222618278376
2.01622513416239	0.9935267363238341	80.79467948959856
2.9060668583026006	1.2941278956243916	81.4135075347756
5.194230502755851	1.6348101798103716	100.0
6.603778489379152	1.8203770907435322	100.0
7.3863546700965514	2.0201125569668155	100.0
8.635910507820608	2.4420666955768815	100.0
9.519465646754211	3.1615720687386766	100.0
12.120968586231404	3.1615720687386766	100.0
13.7847847214083	5.243974898530739	100.0
12.120968586231404	6.369267781875982	100.0
13.7847847214083	7.467867210277992	100.0
14.306444467495217	7.467867210277992	100.0
18.401068700864684	7.855519874399632	100.0
19.1709521546086	8.66431972269563	100.0
18.583742587876795	9.551052151044928	100.0
42.16472033015447	10.528380261255514	72.0990999143192
49.42313897879384	11.041739245289778	61.8977004017456
53.52541244436786	42.33349653801747	70.84390726940086
96.5209258017334	57.06919680669023	100.0
100.0			100.0			100.0
100.0			100.0			100.0
100.0			100.0			100.0
100.0			67.0473231208648	100.0
100.0			68.63380348283805	100.0
100.0			76.98166206380937	100.0
100.0			83.22756940926375	100.0
100.0			100.0			100.0
100.0			100.0			100.0
100.0			100.0			100.0
100.0			100.0			100.0
100.0			100.0			100.0
100.0			100.0			100.0













