88.358 100.0  94.142 90.698 100.0  100.0  98.876 95.731 91.371 90.530
91.356 100.0  91.371 91.772 100.0  100.0  98.876 92.553 91.113 90.490
93.501 100.0  90.490 88.834 100.0  100.0  100.0	 100.0	91.002 90.490
93.810 100.0  90.490 91.679 100.0  100.0  100.0	 100.0	90.813 90.612
83.774 100.0  89.102 92.821 90.577 84.133 90.423 92.109 83.247 90.356
91.371 100.0  57.136 76.322 92.236 83.525 96.783 100.0	84.462 88.224
96.242 100.0  70.057 48.854 86.613 64.183 98.876 100.0	84.692 89.415
91.137 100.0  69.901 44.834 92.518 63.828 95.751 100.0	84.760 91.256
90.013 100.0  71.128 73.955 91.518 64.296 94.884 100.0	87.018 96.050
77.382 100.0  51.683 73.368 73.966 65.652 73.966 100.0	88.996 87.507
76.917 100.0  51.683 73.368 76.496 69.529 76.091 100.0	88.996 75.326
77.807 100.0  51.626 74.285 76.917 70.409 77.354 100.0	88.996 78.277
78.766 100.0  51.867 74.965 76.496 70.640 79.272 100.0	89.969 82.114
79.272 100.0  51.683 76.091 76.917 70.748 79.798 100.0	91.003 82.516
79.272 100.0  58.347 76.917 77.354 71.317 80.912 100.0	100.0  84.831
78.766 100.0  72.063 78.277 78.277 71.164 82.114 100.0	100.0  88.996
78.766 100.0  64.670 79.272 78.277 71.433 84.109 100.0	100.0  92.109
79.798 100.0  69.515 80.345 80.345 88.178 87.111 100.0	100.0  94.602
80.345 100.0  61.414 82.752 82.752 94.977 88.077 100.0	100.0  97.724
81.501 100.0  77.760 84.109 84.831 92.109 89.969 100.0	100.0  97.724
87.206 100.0  88.052 84.831 87.206 91.522 93.301 100.0	100.0  100.0
88.077 100.0  90.416 87.206 88.077 91.522 93.301 100.0	100.0  100.0
93.301 100.0  65.637 89.969 91.522 91.522 93.301 100.0	100.0  100.0
96.630 100.0  88.312 92.264 91.522 91.522 94.602 100.0	100.0  100.0
98.876 100.0  92.242 97.724 96.050 96.630 97.724 100.0	100.0  100.0
100.0  100.0  100.0  100.0  100.0  97.724 100.0	 100.0	100.0  100.0
100.0  100.0  100.0  100.0  100.0  100.0  100.0	 100.0	100.0  100.0


































