from 20.0 to 40.0
NumEdges: 242
56 57
56 58
56 59
57 58
57 59
58 59
0 1
0 2
0 3
0 4
0 6
1 2
1 3
1 4
1 5
1 7
2 4
2 5
2 7
3 4
3 6
3 7
3 9
4 5
4 6
4 7
4 8
4 11
5 7
5 8
5 11
6 7
6 9
6 10
6 12
6 13
7 8
7 9
7 10
7 11
7 13
7 14
30 31
30 32
30 33
30 34
30 35
30 36
31 32
31 33
31 34
31 35
31 36
31 37
31 38
34 35
34 36
34 37
34 38
34 41
35 37
35 38
35 41
36 37
36 38
36 39
36 40
36 41
36 43
37 38
37 39
37 40
37 41
37 43
37 44
38 40
38 41
38 43
38 44
39 40
39 42
39 43
39 44
45 46
45 47
45 48
45 49
45 51
45 52
47 49
47 50
47 52
47 53
50 52
50 53
50 55
50 56
51 52
51 54
51 55
51 56
51 57
52 53
52 54
52 55
52 56
52 58
52 59
53 55
53 56
53 59
54 55
54 56
54 57
54 58
55 56
55 57
55 58
55 59
21 22
21 24
21 25
21 27
24 25
24 27
24 28
24 29
26 28
26 29
27 28
28 29
32 34
32 35
33 34
33 35
33 36
33 37
33 39
40 41
40 42
40 43
40 44
40 46
40 47
41 43
41 44
42 43
42 45
42 46
42 48
42 49
43 44
43 45
43 46
43 47
43 49
44 46
44 47
46 47
46 48
46 49
46 50
48 49
48 50
48 51
48 52
48 54
48 55
49 50
49 51
49 52
49 53
8 10
8 11
8 13
8 14
9 10
9 11
9 12
9 13
9 14
9 15
9 16
10 11
10 12
10 13
10 14
10 15
10 16
10 17
11 13
11 14
11 17
12 13
12 15
12 16
13 14
13 15
13 16
13 17
13 20
14 15
14 16
14 17
15 16
15 17
15 18
15 19
15 20
15 22
16 17
16 18
16 19
16 20
16 22
17 19
17 20
18 19
18 20
18 21
18 22
19 20
19 21
19 22
19 23
19 25
19 26
20 22
20 23
22 23
22 24
22 25
22 26
22 28
22 29
23 25
23 26
23 29
25 26
25 27
25 28
25 29
from 40.0 to 60.0
NumEdges: 252
56 58
56 59
57 58
57 59
58 59
0 1
0 2
0 3
0 4
0 7
1 2
1 3
1 4
1 5
1 7
2 4
2 5
2 7
2 8
3 4
3 6
3 7
3 9
4 5
4 6
4 7
4 8
4 9
4 10
4 11
4 14
5 7
5 8
5 10
5 11
5 14
6 7
6 8
6 9
6 10
6 11
6 12
6 13
7 8
7 9
7 10
7 11
7 14
30 31
30 32
30 33
30 34
30 35
31 32
31 33
31 34
31 35
31 36
31 37
31 38
34 35
34 36
34 37
34 38
34 41
35 37
35 38
35 41
36 37
36 38
36 39
36 40
36 41
36 43
36 44
37 38
37 39
37 40
37 41
37 43
37 44
38 40
38 41
38 43
38 44
39 40
39 41
39 42
39 43
39 44
45 46
45 48
45 49
45 51
45 52
45 54
47 48
47 49
47 50
47 52
47 53
50 52
50 53
50 55
50 56
50 59
51 52
51 54
51 55
51 56
52 53
52 54
52 55
52 56
52 58
52 59
53 55
53 56
53 59
54 55
54 56
54 57
54 58
55 56
55 57
55 58
55 59
21 22
21 24
21 25
21 27
21 28
24 25
24 27
24 28
24 29
26 28
26 29
27 28
27 29
28 29
32 33
32 34
32 35
33 34
33 35
33 36
33 37
40 41
40 42
40 43
40 44
40 46
41 43
41 44
42 43
42 45
42 46
42 48
42 49
42 51
43 44
43 45
43 46
43 47
43 49
44 46
44 47
44 49
46 47
46 48
46 49
46 52
48 49
48 50
48 51
48 52
48 54
48 55
49 50
49 51
49 52
49 53
8 10
8 11
8 13
8 14
9 10
9 11
9 12
9 13
9 14
9 15
9 16
9 17
10 11
10 12
10 13
10 14
10 15
10 16
10 17
11 13
11 14
11 16
11 17
12 13
12 15
12 16
13 14
13 15
13 16
13 17
13 19
13 20
14 16
14 17
15 16
15 17
15 18
15 19
15 20
16 17
16 18
16 19
16 20
17 19
17 20
18 19
18 20
18 21
18 22
19 20
19 21
19 22
19 23
19 25
19 26
20 22
20 23
20 25
20 26
22 23
22 25
22 26
23 25
23 26
23 29
25 26
25 27
25 28
25 29
from 60.0 to 80.0
NumEdges: 244
56 58
56 59
57 58
57 59
58 59
0 1
0 2
0 3
0 4
0 7
1 2
1 3
1 4
1 5
1 7
2 4
2 5
2 7
2 8
3 4
3 6
3 7
4 5
4 6
4 7
4 8
4 9
4 10
4 11
4 14
5 7
5 8
5 10
5 11
5 14
6 7
6 8
6 9
6 10
6 11
6 12
7 8
7 9
7 10
7 11
7 14
30 31
30 32
30 33
30 34
30 35
30 36
31 32
31 33
31 34
31 35
31 36
34 35
34 36
34 38
35 37
35 38
35 41
36 37
36 38
36 39
36 40
36 41
36 43
36 44
37 38
37 39
37 40
37 41
37 43
37 44
38 40
38 41
38 43
38 44
39 40
39 41
39 42
39 43
39 44
45 46
45 48
45 49
45 51
45 52
45 54
47 49
47 50
47 52
47 53
50 52
50 53
50 55
50 56
50 59
51 52
51 54
51 55
52 53
52 54
52 55
52 56
52 58
52 59
53 55
53 56
53 59
54 55
54 56
54 57
54 58
54 59
55 56
55 57
55 58
55 59
21 22
21 24
21 25
21 27
21 28
24 25
24 27
24 28
24 29
26 28
26 29
27 28
27 29
28 29
32 33
32 34
32 35
33 34
33 35
33 36
40 41
40 42
40 43
40 44
40 46
40 47
40 49
41 43
41 44
42 43
42 45
42 46
42 47
42 48
42 49
42 51
43 44
43 46
43 47
43 49
44 46
46 47
46 48
46 49
46 52
48 49
48 50
48 51
48 52
48 54
48 55
49 50
49 51
49 52
49 53
8 9
8 10
8 11
8 14
9 10
9 11
9 12
9 13
9 14
9 15
9 16
9 17
10 11
10 12
10 13
10 14
10 15
10 16
10 17
11 13
11 14
11 16
11 17
12 13
12 15
12 16
13 14
13 15
13 16
13 17
13 19
13 20
14 16
14 17
15 16
15 17
15 18
15 19
16 17
16 18
16 19
16 20
17 19
17 20
18 19
18 20
18 21
18 22
19 20
19 22
19 23
19 25
20 22
20 23
20 25
20 26
22 23
22 25
22 26
22 29
23 25
23 26
23 28
23 29
25 26
25 27
25 28
25 29
from 80.0 to 100.0
NumEdges: 245
56 58
56 59
57 58
57 59
58 59
0 1
0 2
0 3
0 4
0 7
1 2
1 3
1 4
2 3
2 4
2 5
2 7
2 8
3 4
3 6
3 7
4 5
4 6
4 7
4 8
4 10
4 11
4 14
5 7
5 8
5 10
5 11
5 14
6 7
6 8
6 9
6 10
6 11
6 12
7 8
7 9
7 10
7 11
7 14
30 31
30 33
30 34
31 32
31 33
31 34
31 35
31 36
34 35
34 36
34 38
35 36
35 37
35 38
35 41
36 37
36 39
36 40
36 41
36 43
36 44
37 38
37 39
37 40
37 41
37 43
37 44
38 41
38 44
39 40
39 43
39 44
45 46
45 48
45 49
45 51
45 52
45 54
47 49
47 50
47 52
47 53
50 52
50 53
50 54
50 55
50 56
50 58
50 59
51 52
51 54
51 55
52 53
52 54
52 55
52 56
52 59
53 55
53 56
53 59
54 55
54 56
54 57
54 58
54 59
55 56
55 57
55 58
55 59
21 22
21 24
21 25
21 27
21 28
24 25
24 27
24 28
24 29
26 28
26 29
27 28
27 29
28 29
32 33
32 34
32 35
33 34
33 35
40 41
40 42
40 43
40 44
40 45
40 46
40 47
40 49
41 43
41 44
42 43
42 45
42 46
42 47
42 48
42 49
42 50
42 51
42 52
43 44
43 45
43 46
43 47
43 49
44 46
44 47
46 47
46 48
46 49
46 50
46 52
46 53
48 49
48 50
48 51
48 52
48 54
48 55
48 56
49 50
49 52
49 53
8 9
8 10
8 11
8 13
8 14
8 16
8 17
9 10
9 11
9 12
9 13
9 14
9 15
9 16
9 17
9 19
10 11
10 12
10 13
10 14
10 15
10 16
10 17
11 13
11 14
11 16
11 17
12 13
12 15
12 16
13 14
13 15
13 16
13 17
13 19
13 20
14 16
14 17
15 16
15 17
15 18
15 19
15 20
16 17
16 19
16 20
17 19
17 20
18 19
18 20
18 21
18 22
19 20
19 22
19 23
20 22
20 23
20 25
20 26
22 23
22 25
22 26
22 28
23 25
23 26
23 28
23 29
25 26
25 27
25 28
25 29
from 100.0 to 120.0
NumEdges: 242
56 58
56 59
57 58
58 59
0 1
0 2
0 3
0 4
1 2
1 3
2 3
2 4
2 5
2 7
2 8
3 4
3 6
3 7
3 10
4 5
4 6
4 7
4 8
4 10
4 11
4 14
5 7
5 8
5 10
5 11
5 14
6 7
6 8
6 9
6 10
6 11
6 12
7 8
7 9
7 10
7 11
7 14
30 31
30 33
30 34
31 32
31 33
31 34
31 35
34 35
34 36
34 37
34 38
34 41
35 37
35 38
35 41
36 37
36 39
36 41
37 38
37 39
37 40
37 41
37 43
37 44
38 40
38 41
38 43
38 44
39 40
39 41
39 43
39 44
39 46
45 46
45 48
45 49
45 50
45 51
45 52
45 54
47 49
47 50
47 52
47 53
50 52
50 53
50 54
50 55
50 56
50 58
50 59
51 52
51 54
51 55
51 56
52 53
52 54
52 55
52 56
52 58
52 59
53 56
53 59
54 55
54 56
54 57
54 58
54 59
55 56
55 57
55 58
55 59
21 22
21 24
21 25
21 27
21 28
21 29
24 25
24 27
24 28
24 29
26 28
26 29
27 28
27 29
28 29
32 34
32 35
33 34
33 35
40 41
40 42
40 43
40 44
40 46
40 47
40 49
41 43
41 44
42 43
42 45
42 46
42 47
42 48
42 49
42 50
42 51
42 52
43 44
43 45
43 46
43 47
43 49
44 46
44 47
46 47
46 48
46 49
46 50
46 52
48 49
48 50
48 51
48 52
48 54
48 55
48 56
49 50
49 52
49 53
49 56
8 9
8 10
8 11
8 14
9 10
9 11
9 12
9 13
9 14
9 15
9 16
9 17
9 19
10 11
10 12
10 13
10 14
10 15
10 16
10 17
11 12
11 13
11 14
11 16
11 17
12 13
12 15
12 16
13 14
13 15
13 16
13 17
13 19
13 20
14 16
14 17
15 16
15 17
15 18
15 19
16 17
16 18
16 19
16 20
17 19
17 20
18 19
18 21
18 22
19 20
19 22
20 22
20 23
20 25
20 26
22 23
22 25
22 26
22 28
22 29
23 25
23 26
23 28
23 29
25 26
25 27
25 28
25 29
from 120.0 to 140.0
NumEdges: 244
56 58
56 59
57 58
58 59
0 1
0 2
0 3
0 4
1 2
2 4
2 5
2 7
2 8
3 4
3 6
3 7
3 10
3 11
3 12
4 5
4 6
4 7
4 8
4 10
4 11
4 14
5 7
5 8
5 10
5 11
5 14
6 7
6 8
6 9
6 10
6 11
6 12
6 15
7 8
7 9
7 10
7 11
7 14
30 31
30 33
30 34
31 32
31 33
31 34
31 35
34 35
34 36
34 37
34 38
34 41
35 37
35 38
35 41
35 44
36 37
36 39
36 40
36 41
37 38
37 39
37 40
37 41
37 43
37 44
38 40
38 41
38 44
39 40
39 41
39 43
39 46
45 46
45 47
45 48
45 49
45 50
45 51
45 52
47 49
47 50
47 52
47 53
50 52
50 53
50 55
50 56
50 58
50 59
51 52
51 54
51 55
52 53
52 54
52 55
52 56
52 58
52 59
53 56
53 59
54 55
54 56
54 57
54 58
54 59
55 56
55 57
55 58
55 59
21 22
21 24
21 25
21 27
21 28
21 29
24 25
24 27
24 28
24 29
26 28
26 29
27 28
27 29
28 29
32 33
32 34
32 35
33 34
33 35
40 41
40 42
40 43
40 44
40 45
40 46
40 47
40 49
41 43
41 44
42 43
42 45
42 46
42 48
42 49
42 50
42 51
42 52
43 44
43 45
43 46
43 47
43 49
44 47
46 47
46 48
46 49
46 50
46 51
46 52
48 49
48 50
48 51
48 52
48 54
48 55
48 56
48 58
48 59
49 50
49 51
49 52
49 53
8 9
8 10
8 11
8 14
9 10
9 11
9 12
9 13
9 14
9 15
9 16
9 17
9 19
10 11
10 12
10 13
10 14
10 15
10 16
10 17
11 12
11 13
11 14
11 15
11 16
11 17
12 13
12 15
13 14
13 15
13 16
13 17
13 19
13 20
14 16
14 17
15 16
15 17
15 18
15 19
16 17
16 18
16 19
16 20
17 19
17 20
18 19
18 21
18 22
19 20
19 22
20 22
20 23
20 25
20 26
22 23
22 25
22 26
22 28
22 29
23 25
23 26
23 28
23 29
25 26
25 27
25 28
25 29
from 140.0 to 160.0
NumEdges: 250
56 58
56 59
57 58
58 59
0 1
0 2
0 3
1 2
2 4
2 5
2 7
2 8
3 4
3 6
3 7
4 5
4 6
4 7
4 8
4 9
4 10
4 11
4 13
4 14
5 7
5 8
5 14
6 7
6 8
6 9
6 10
6 11
6 12
7 8
7 9
7 10
7 11
7 14
30 31
30 33
30 34
31 32
31 33
31 34
31 35
34 35
34 36
34 37
34 38
34 41
34 44
35 37
35 38
35 41
35 44
36 37
36 39
36 40
36 41
36 43
37 38
37 39
37 40
37 41
37 43
37 44
38 40
38 41
38 43
38 44
39 40
39 41
39 43
39 44
39 46
45 46
45 47
45 48
45 49
45 50
45 51
45 52
45 56
47 49
47 50
47 52
47 53
50 51
50 52
50 53
50 55
50 56
50 58
50 59
51 52
51 54
51 55
51 56
51 58
52 53
52 54
52 55
52 56
52 58
52 59
53 56
53 59
54 55
54 56
54 57
54 58
54 59
55 56
55 57
55 58
55 59
21 22
21 24
21 25
21 27
21 28
21 29
24 25
24 27
24 28
24 29
26 27
26 28
26 29
27 28
27 29
28 29
32 33
32 34
32 35
33 34
33 35
40 41
40 43
40 44
40 46
40 47
40 49
41 43
41 44
42 43
42 45
42 46
42 48
42 49
42 50
42 51
42 52
43 44
43 45
43 46
43 47
43 49
44 49
46 47
46 48
46 49
46 50
46 51
46 52
48 49
48 50
48 51
48 52
48 54
48 55
48 56
48 58
48 59
49 50
49 52
49 53
8 9
8 10
8 11
8 13
8 14
9 10
9 11
9 12
9 13
9 14
9 15
9 16
9 17
9 19
10 11
10 12
10 13
10 14
10 15
10 16
10 17
10 19
11 12
11 13
11 14
11 15
11 16
11 17
12 13
12 15
12 16
13 14
13 15
13 16
13 17
13 19
14 16
14 17
14 19
15 16
15 17
15 18
15 19
16 17
16 18
16 19
16 20
17 19
17 20
17 22
18 19
18 21
18 22
19 20
19 22
20 22
20 23
20 25
20 26
22 23
22 25
22 26
22 27
22 28
22 29
23 25
23 26
23 28
23 29
25 26
25 27
25 28
25 29
from 160.0 to 180.0
NumEdges: 238
56 58
56 59
57 58
58 59
0 1
0 2
0 3
1 2
2 4
2 5
2 7
2 8
3 4
3 6
3 7
3 11
4 5
4 6
4 7
4 8
4 9
4 10
4 11
4 13
4 14
5 7
5 8
5 10
5 14
6 7
6 8
6 9
6 10
6 11
6 12
7 8
7 9
7 10
7 11
7 13
7 14
30 31
30 33
30 34
31 32
31 33
31 34
31 35
34 35
34 36
34 37
34 38
34 41
35 37
35 38
35 41
36 37
36 39
36 40
36 41
36 43
37 38
37 39
37 40
37 41
37 43
37 44
38 40
38 41
38 43
38 44
39 40
39 41
39 43
45 46
45 47
45 48
45 49
45 50
45 51
45 52
45 53
45 56
47 49
47 50
47 53
50 51
50 52
50 53
50 55
50 56
50 58
50 59
51 52
51 54
51 55
51 56
51 58
52 53
52 54
52 55
52 56
52 58
52 59
53 56
54 55
54 57
54 58
55 56
55 57
55 58
55 59
21 22
21 24
21 25
21 26
21 27
21 28
24 25
24 26
24 27
24 28
24 29
26 27
26 28
26 29
27 28
27 29
28 29
32 33
32 34
32 35
33 34
33 35
40 41
40 43
40 44
40 46
40 49
41 43
41 44
42 43
42 45
42 46
42 48
42 49
42 50
42 51
42 52
42 56
43 44
43 46
43 47
43 49
46 47
46 48
46 49
46 50
46 51
46 52
48 50
48 51
48 52
48 54
48 55
48 56
48 58
8 9
8 10
8 11
8 13
8 14
9 10
9 11
9 12
9 13
9 14
9 15
9 16
9 17
9 19
10 11
10 12
10 13
10 14
10 15
10 16
10 17
10 19
11 12
11 13
11 14
11 15
11 16
11 17
12 13
12 15
12 16
13 14
13 15
13 16
13 17
13 19
14 16
14 17
14 19
15 16
15 17
15 18
15 19
16 17
16 19
16 20
17 18
17 19
17 20
17 22
18 19
18 20
18 21
18 22
19 20
19 22
20 22
20 23
20 26
22 23
22 25
22 26
22 29
23 25
23 26
23 28
23 29
25 26
25 27
25 28
25 29
from 180.0 to 200.0
NumEdges: 240
56 58
56 59
57 58
58 59
0 1
0 2
0 3
0 4
1 2
2 4
2 5
2 7
2 8
3 4
3 6
3 7
4 5
4 6
4 7
4 8
4 9
4 10
4 11
5 7
5 8
5 14
6 7
6 9
6 11
7 8
7 9
7 10
7 11
7 13
7 14
30 31
30 33
30 34
30 35
31 32
31 33
31 34
31 35
34 35
34 36
34 37
34 39
34 40
34 41
35 37
35 38
35 41
36 37
36 39
36 40
36 41
36 43
37 38
37 39
37 40
37 41
37 43
37 44
37 49
38 40
38 41
38 43
38 44
39 40
39 41
39 43
39 44
45 46
45 47
45 48
45 49
45 50
45 51
45 52
45 53
45 55
45 56
45 59
47 49
47 53
50 51
50 52
50 53
50 55
50 56
50 58
50 59
51 52
51 54
51 55
51 56
51 58
52 53
52 54
52 55
52 56
52 58
52 59
53 56
54 55
54 57
54 58
55 56
55 57
55 58
55 59
21 22
21 24
21 25
21 26
21 27
21 28
24 25
24 27
24 28
26 27
26 28
26 29
27 28
27 29
28 29
32 33
32 34
32 35
33 34
33 35
40 41
40 43
40 44
40 46
40 49
41 43
41 44
42 45
42 46
42 48
42 49
42 50
42 51
42 52
43 44
43 46
43 47
43 49
44 47
44 49
46 47
46 48
46 49
46 51
46 52
48 50
48 51
48 52
48 54
48 55
48 56
48 58
48 59
8 9
8 10
8 11
8 13
8 14
9 10
9 11
9 12
9 13
9 14
9 15
9 16
9 17
9 19
10 11
10 12
10 13
10 14
10 15
10 16
10 17
10 19
11 12
11 13
11 14
11 15
11 16
11 17
11 19
12 13
12 15
12 16
12 18
12 19
13 14
13 15
13 16
13 17
13 19
14 16
14 17
14 19
15 16
15 17
15 18
15 19
16 17
16 19
16 20
17 18
17 19
17 20
17 22
18 19
18 20
18 21
18 22
19 20
19 22
20 22
20 23
20 26
20 29
22 23
22 24
22 25
22 26
22 29
23 25
23 26
23 28
23 29
25 26
25 27
25 28
25 29
from 200.0 to 220.0
NumEdges: 235
56 58
56 59
57 58
58 59
0 1
0 2
0 3
0 4
0 6
1 2
2 4
2 5
2 7
2 8
3 4
3 6
3 7
3 8
3 11
4 5
4 6
4 7
4 8
4 10
4 11
5 7
5 8
6 7
6 8
6 9
6 10
6 11
7 8
7 9
7 10
7 11
7 13
7 14
30 31
30 33
30 34
30 35
31 32
31 33
31 34
31 35
34 35
34 36
34 39
34 41
35 38
35 41
36 37
36 39
36 40
36 41
36 43
37 38
37 39
37 40
37 41
37 43
37 44
37 47
37 49
38 40
38 41
38 44
39 40
39 41
39 43
39 44
45 46
45 48
45 50
45 51
45 52
45 53
45 55
45 56
47 49
47 53
50 51
50 52
50 53
50 55
50 56
50 58
50 59
51 52
51 54
51 55
51 56
52 53
52 54
52 55
52 56
52 58
52 59
53 56
54 55
54 57
54 58
55 56
55 57
55 58
55 59
21 22
21 24
21 25
21 26
21 27
21 28
24 25
24 26
24 27
24 28
26 27
26 28
26 29
27 28
27 29
28 29
32 33
32 34
32 35
33 34
33 35
33 39
40 41
40 43
40 44
40 46
40 47
40 49
41 43
41 44
42 45
42 46
42 48
42 49
42 50
42 51
42 52
43 44
43 46
43 47
43 49
44 47
44 49
46 47
46 48
46 49
48 50
48 51
48 52
48 53
48 55
48 56
48 58
48 59
8 10
8 11
8 13
8 14
9 10
9 11
9 12
9 13
9 14
9 15
9 16
9 17
9 19
10 11
10 13
10 14
10 15
10 16
10 17
10 19
11 12
11 13
11 14
11 15
11 16
11 17
11 19
12 15
12 17
12 18
13 14
13 15
13 16
13 17
13 19
14 15
14 16
14 17
14 19
15 16
15 17
15 18
15 19
16 17
16 19
17 18
17 19
17 20
17 22
18 19
18 20
18 21
18 22
19 20
19 22
20 22
20 23
20 25
20 26
20 28
20 29
22 23
22 25
22 26
22 28
22 29
23 25
23 26
23 28
23 29
25 26
25 27
25 28
25 29
from 220.0 to 240.0
NumEdges: 246
56 58
56 59
57 58
58 59
0 1
0 2
0 3
0 4
0 5
0 6
1 2
2 4
2 5
2 8
3 4
3 6
3 7
3 8
3 9
3 10
3 11
4 5
4 6
4 7
4 8
4 10
4 11
5 7
5 8
6 7
6 8
6 9
6 10
6 11
7 8
7 9
7 10
7 11
7 13
7 14
7 15
7 16
7 19
30 31
30 33
30 34
30 35
31 33
31 34
31 35
34 35
34 36
34 39
34 41
35 38
35 41
36 37
36 39
36 40
36 41
36 43
37 38
37 39
37 40
37 41
37 43
37 44
37 47
37 49
38 39
38 40
38 41
38 44
39 40
39 41
39 43
39 49
45 46
45 48
45 50
45 51
45 52
45 53
45 55
45 56
47 49
47 53
50 51
50 52
50 53
50 55
50 56
50 58
50 59
51 52
51 54
51 55
51 56
51 58
52 53
52 54
52 55
52 56
52 58
52 59
53 56
54 55
54 57
54 58
55 56
55 57
55 58
55 59
21 22
21 24
21 25
21 26
21 27
21 28
24 25
24 26
24 27
24 28
24 29
26 27
26 28
26 29
26 32
27 28
27 29
28 29
28 32
29 32
33 34
33 35
40 41
40 43
40 44
40 46
40 47
40 49
41 43
41 44
42 45
42 46
42 48
42 49
42 51
42 52
43 44
43 46
43 47
43 49
44 47
44 49
46 47
46 48
46 49
48 50
48 51
48 52
48 53
48 54
48 55
48 56
48 58
48 59
8 10
8 11
8 13
8 14
8 16
9 10
9 11
9 12
9 13
9 14
9 15
9 16
9 17
9 19
10 11
10 12
10 13
10 14
10 15
10 16
10 19
11 12
11 13
11 14
11 15
11 16
11 19
12 13
12 15
12 17
12 18
12 19
13 14
13 15
13 16
13 17
13 19
14 15
14 16
14 17
14 19
15 16
15 17
15 18
15 19
16 17
16 19
16 20
17 18
17 19
17 20
17 22
18 19
18 20
18 21
18 22
19 20
19 22
20 22
20 23
20 25
20 26
20 28
20 29
20 32
22 25
22 26
22 28
22 29
23 25
23 26
23 28
23 29
23 32
25 26
25 27
25 28
25 29
25 32
from 240.0 to 260.0
NumEdges: 241
56 58
56 59
57 58
58 59
0 1
0 2
0 3
0 4
0 5
0 6
1 2
1 5
2 4
2 5
2 6
2 8
3 4
3 6
3 7
3 8
3 9
3 10
3 11
4 5
4 6
4 7
4 8
4 10
4 11
4 14
5 6
5 8
6 7
6 8
6 9
6 10
6 11
7 8
7 9
7 10
7 11
7 12
7 13
7 14
7 15
7 16
7 19
30 31
30 32
30 33
30 34
31 32
31 33
31 34
31 35
34 35
34 36
35 37
35 38
35 41
36 37
36 39
36 40
36 41
36 43
37 38
37 39
37 40
37 41
37 43
37 44
37 47
37 49
38 39
38 40
38 41
38 44
39 40
39 41
39 43
39 49
45 46
45 48
45 50
45 51
45 52
45 53
45 55
45 56
47 49
47 53
50 51
50 52
50 53
50 54
50 55
50 56
50 58
50 59
51 52
51 54
51 55
51 56
51 58
52 54
52 55
52 56
52 58
52 59
53 56
54 55
54 56
54 57
54 58
55 56
55 57
55 58
55 59
21 24
21 25
21 26
21 27
21 28
21 29
24 25
24 27
24 28
24 29
26 28
26 29
27 28
27 29
28 29
32 33
32 34
32 35
33 34
33 35
40 41
40 43
40 44
40 46
40 47
40 49
41 43
41 44
41 47
41 49
42 43
42 45
42 46
42 48
42 49
42 51
43 44
43 46
43 47
43 49
44 47
44 49
46 47
46 49
48 50
48 51
48 52
48 53
48 54
48 55
48 56
48 58
48 59
8 9
8 10
8 11
8 13
8 14
8 16
9 10
9 11
9 12
9 13
9 15
9 16
9 17
9 19
10 11
10 12
10 13
10 14
10 15
10 16
10 19
11 12
11 13
11 14
11 15
11 16
11 19
12 13
12 15
12 16
12 17
12 18
12 19
13 14
13 15
13 16
13 17
13 19
14 16
14 17
14 19
15 16
15 17
15 18
15 19
15 22
16 17
16 19
16 20
17 18
17 19
17 20
17 22
18 19
18 20
18 22
19 20
19 22
20 22
20 26
22 25
22 26
23 25
23 26
23 28
23 29
25 26
25 27
25 28
25 29
from 260.0 to 280.0
NumEdges: 235
56 58
56 59
57 58
58 59
0 1
0 2
0 3
0 5
0 6
1 2
1 5
2 4
2 5
2 6
2 8
3 4
3 6
3 7
3 8
3 9
3 11
4 5
4 6
4 7
4 8
4 10
4 11
4 14
5 6
5 8
5 14
6 7
6 8
6 9
6 10
6 11
7 8
7 9
7 10
7 11
7 12
7 13
7 14
7 15
7 16
30 31
30 32
30 33
30 34
31 32
31 33
31 34
31 35
34 35
35 37
35 38
35 41
36 37
36 39
36 43
37 38
37 39
37 40
37 41
37 43
37 44
37 47
37 49
38 40
38 41
38 44
39 40
39 41
39 43
39 49
45 46
45 48
45 50
45 51
45 52
45 54
45 55
45 56
47 49
47 53
50 51
50 52
50 54
50 55
50 56
50 58
50 59
51 52
51 54
51 55
51 56
51 58
52 54
52 55
52 56
52 58
53 56
54 55
54 56
54 57
54 58
55 56
55 57
55 58
55 59
21 24
21 25
21 26
21 27
21 28
21 29
24 25
24 26
24 27
24 28
24 29
26 27
26 28
26 29
27 28
27 29
28 29
32 33
32 34
32 35
33 34
33 35
40 41
40 43
40 44
40 46
40 47
40 49
41 43
41 44
41 47
41 49
42 43
42 45
42 46
42 48
42 49
42 52
43 44
43 46
43 47
43 49
44 47
44 49
46 47
46 48
46 49
46 52
48 50
48 51
48 52
48 54
48 55
48 56
48 58
8 9
8 10
8 11
8 13
8 14
8 16
9 10
9 11
9 12
9 13
9 15
9 16
9 19
10 11
10 12
10 13
10 14
10 15
10 16
10 17
10 19
11 12
11 13
11 14
11 15
11 16
11 19
12 13
12 15
12 16
12 17
12 18
12 19
13 14
13 15
13 16
13 17
13 19
14 16
15 16
15 17
15 18
15 19
15 22
16 17
16 19
16 20
17 18
17 19
17 20
17 22
18 19
18 20
18 21
18 22
19 20
19 22
20 22
20 26
22 25
22 26
22 28
23 25
23 26
23 28
23 29
25 26
25 27
25 28
25 29
from 280.0 to 300.0
NumEdges: 237
56 58
56 59
57 58
58 59
0 1
0 2
0 3
0 4
0 5
0 6
1 2
1 5
2 4
2 5
3 4
3 6
3 7
3 8
3 9
3 10
3 11
4 5
4 6
4 7
4 8
4 10
4 11
4 13
4 14
5 6
5 8
5 14
6 7
6 8
6 9
6 10
6 11
6 13
7 8
7 9
7 10
7 11
7 12
7 13
7 14
7 16
30 31
30 32
30 33
30 34
31 32
31 33
31 34
31 35
34 35
35 37
35 38
35 41
36 37
36 39
36 43
37 38
37 39
37 40
37 41
37 43
37 44
37 49
38 40
38 41
38 44
39 40
39 41
39 43
39 49
45 46
45 48
45 50
45 51
45 52
45 54
45 55
45 56
47 49
47 53
50 51
50 52
50 54
50 55
50 56
50 58
50 59
51 52
51 54
51 55
51 56
51 57
51 58
52 54
52 55
52 56
52 58
53 56
54 55
54 57
54 58
55 56
55 57
55 58
55 59
21 22
21 24
21 25
21 27
21 28
21 29
24 25
24 26
24 27
24 28
24 29
26 27
26 28
26 29
27 28
27 29
28 29
32 33
32 34
32 35
33 34
33 35
40 41
40 43
40 44
40 46
40 47
40 49
41 43
41 44
41 47
41 49
42 43
42 45
42 46
42 48
42 49
42 51
42 52
43 46
43 49
44 47
44 49
46 47
46 48
46 49
46 52
48 50
48 51
48 52
48 54
48 55
48 56
48 58
8 9
8 10
8 11
8 13
8 14
9 10
9 11
9 12
9 13
9 15
9 16
9 19
10 11
10 12
10 13
10 14
10 15
10 16
10 17
10 19
11 13
11 14
12 13
12 15
12 16
12 17
12 18
12 19
13 14
13 15
13 16
13 17
13 19
14 16
15 16
15 17
15 18
15 19
15 20
15 22
16 17
16 19
16 20
17 18
17 19
17 20
17 22
18 20
18 21
18 22
18 24
18 25
18 28
19 20
19 22
20 22
20 23
20 25
20 26
20 28
22 24
22 25
22 26
22 28
22 29
23 25
23 26
23 28
23 29
25 26
25 27
25 28
25 29
from 300.0 to 320.0
NumEdges: 233
56 58
56 59
57 58
58 59
0 1
0 2
0 3
0 4
0 5
0 6
1 2
1 5
2 4
2 5
2 6
2 8
3 4
3 6
3 7
3 8
3 9
3 11
3 13
4 5
4 6
4 7
4 8
4 10
4 11
4 13
4 14
5 6
5 8
6 7
6 8
6 9
6 11
6 13
7 8
7 9
7 10
7 11
7 12
7 13
7 14
7 16
30 31
30 32
30 33
30 34
30 35
31 32
31 33
31 34
31 35
34 35
36 37
36 39
37 38
37 39
37 40
37 41
37 43
37 44
37 49
38 40
38 41
38 44
38 49
39 40
39 41
39 43
39 49
45 46
45 48
45 50
45 51
45 52
45 53
45 56
47 49
47 53
50 51
50 52
50 55
50 56
50 57
50 58
50 59
51 52
51 54
51 55
51 56
51 57
52 54
52 55
52 56
52 58
53 56
54 55
54 57
54 58
55 56
55 57
55 58
55 59
21 22
21 24
21 25
21 27
21 28
24 25
24 26
24 27
24 28
24 29
26 27
26 28
26 29
27 28
27 29
28 29
32 33
32 34
32 35
33 34
33 35
40 41
40 43
40 44
40 46
40 47
40 49
41 43
41 44
41 49
42 43
42 45
42 46
42 48
42 49
42 51
42 52
42 56
43 44
43 46
43 49
44 47
44 49
46 47
46 48
46 49
46 52
46 56
48 50
48 51
48 52
48 53
48 56
8 9
8 10
8 11
8 13
8 14
9 10
9 11
9 12
9 13
9 15
9 16
9 17
10 11
10 12
10 13
10 14
10 15
10 16
10 17
10 19
11 13
11 14
12 13
12 15
12 16
12 17
12 19
13 14
13 15
13 16
13 17
13 19
14 16
15 16
15 17
15 18
15 19
15 20
15 22
16 17
16 19
16 20
17 18
17 19
17 20
17 22
18 20
18 21
18 22
18 24
18 25
18 27
18 28
19 20
19 22
20 22
20 23
20 25
20 26
20 28
22 23
22 24
22 25
22 26
22 28
22 29
23 25
23 26
23 28
23 29
25 26
25 27
25 28
25 29
from 320.0 to 340.0
NumEdges: 225
56 58
57 58
58 59
0 1
0 2
0 3
0 4
0 5
0 6
0 8
1 5
2 4
2 5
2 6
2 8
3 4
3 6
3 7
3 8
3 9
3 11
3 13
4 5
4 6
4 7
4 8
4 11
4 13
4 14
5 6
5 8
6 7
6 8
6 9
6 11
6 13
7 8
7 9
7 10
7 11
7 13
7 14
30 31
30 32
30 33
30 34
30 35
31 32
31 33
31 34
31 35
34 35
34 39
35 37
35 38
36 37
36 39
37 38
37 39
37 40
37 41
37 43
37 44
37 49
38 39
38 40
38 41
38 44
38 49
39 40
39 41
39 43
39 49
45 46
45 48
45 50
45 51
45 52
45 53
45 56
47 53
50 52
50 55
50 56
50 58
50 59
51 52
51 54
51 55
51 56
51 57
52 54
52 55
52 56
52 58
53 56
54 55
54 56
54 57
54 58
55 56
55 57
55 58
55 59
21 22
21 24
21 25
21 27
21 28
21 29
24 25
24 26
24 27
24 28
24 29
26 28
26 29
27 28
27 29
28 29
32 33
32 34
32 35
33 34
33 35
40 41
40 43
40 44
40 46
40 47
40 49
41 43
41 44
41 49
42 43
42 45
42 46
42 48
42 49
42 51
42 52
42 56
43 44
43 46
43 49
44 47
44 49
46 47
46 48
46 49
46 52
46 56
48 50
48 51
48 52
48 53
48 56
8 9
8 10
8 11
8 13
8 14
9 10
9 11
9 12
9 13
9 17
10 11
10 12
10 13
10 14
10 15
10 16
10 17
10 19
11 13
12 15
12 17
12 18
12 19
13 14
13 15
13 16
13 17
13 19
14 16
15 16
15 17
15 18
15 19
15 20
15 22
16 17
16 19
16 20
17 19
17 20
17 22
18 21
18 22
18 24
18 25
18 27
18 28
19 20
19 22
20 22
20 23
20 25
20 26
20 28
22 23
22 24
22 25
22 26
22 28
22 29
23 25
23 26
23 28
23 29
25 26
25 27
25 28
25 29
from 340.0 to 360.0
NumEdges: 222
56 58
56 59
57 58
58 59
0 1
0 2
0 3
0 4
0 5
0 6
0 8
1 5
2 4
2 5
2 6
2 8
3 6
3 7
3 8
3 9
3 11
3 13
4 5
4 6
4 7
4 8
4 11
4 14
5 6
5 8
6 7
6 8
6 9
6 11
6 13
7 8
7 9
7 10
7 11
7 13
7 14
30 31
30 32
30 33
30 34
31 32
31 33
31 34
31 35
34 35
34 39
34 41
35 37
35 38
35 41
36 37
36 39
36 43
37 38
37 39
37 40
37 41
37 43
37 44
37 49
38 39
38 40
38 41
38 44
38 49
39 40
39 41
39 43
39 49
45 46
45 47
45 48
45 50
45 52
45 53
45 54
45 56
47 48
47 49
47 53
50 52
50 53
50 55
50 56
50 58
50 59
51 52
51 54
51 55
51 57
52 54
52 55
52 56
52 58
53 56
54 55
54 56
54 57
54 58
55 56
55 57
55 58
55 59
21 24
21 25
21 27
24 25
24 26
24 27
24 28
24 29
26 28
26 29
27 29
28 29
32 33
32 34
32 35
33 34
33 35
40 41
40 43
40 44
40 46
40 47
40 49
41 43
41 44
41 49
42 43
42 45
42 46
42 48
42 49
42 52
42 54
42 56
43 46
43 49
44 47
44 49
46 47
46 48
46 49
46 52
48 50
48 52
48 53
48 54
48 56
8 9
8 10
8 11
8 13
8 14
9 10
9 11
9 12
9 13
9 17
10 11
10 12
10 13
10 14
10 15
10 16
10 17
10 19
11 13
12 15
12 17
12 18
12 19
13 14
13 16
13 17
13 19
15 16
15 17
15 18
15 19
15 20
15 22
16 17
16 19
16 20
16 22
17 19
17 20
17 22
18 21
18 22
18 24
18 25
18 27
18 28
19 20
19 22
20 22
20 23
20 25
20 26
20 28
22 23
22 24
22 25
22 26
22 28
22 29
23 25
23 26
23 28
23 29
25 26
25 27
25 28
25 29
from 360.0 to 380.0
NumEdges: 225
56 58
56 59
57 58
57 59
58 59
0 1
0 2
0 4
0 5
0 6
1 5
2 4
2 5
2 6
2 8
2 14
3 6
3 7
3 8
3 9
3 11
3 13
4 5
4 6
4 8
4 11
4 14
5 6
5 8
6 7
6 8
6 9
6 10
6 11
6 13
6 14
7 8
7 9
7 10
7 11
7 13
7 14
7 17
30 31
30 32
30 33
30 34
31 32
31 33
31 34
31 35
31 36
31 39
31 41
34 35
34 37
34 39
34 41
35 37
35 41
36 37
36 39
36 41
37 38
37 39
37 40
37 41
37 43
37 44
37 49
38 40
38 41
38 44
38 47
38 49
39 41
39 49
45 46
45 47
45 48
45 50
45 52
45 53
45 54
45 56
47 49
47 53
50 52
50 53
50 55
50 56
50 58
50 59
51 52
51 54
51 55
51 56
51 57
52 54
52 55
52 56
53 56
54 56
55 56
55 57
55 58
55 59
21 24
21 25
21 27
24 25
24 26
24 27
24 28
24 29
26 28
26 29
27 29
28 29
32 33
32 34
32 35
33 34
33 35
40 41
40 43
40 44
40 46
40 47
40 49
41 44
41 49
42 43
42 45
42 46
42 48
42 51
42 52
42 54
42 56
43 46
43 48
43 49
44 47
44 49
46 47
46 48
46 49
46 52
46 54
48 50
48 52
48 53
48 54
48 56
8 9
8 10
8 11
8 13
8 14
9 10
9 11
9 12
9 13
9 17
10 11
10 12
10 13
10 15
10 16
10 17
10 19
11 13
12 15
12 17
12 18
12 19
13 14
13 17
13 19
15 16
15 17
15 18
15 19
15 20
15 21
15 22
15 23
15 25
15 26
15 28
16 17
16 19
16 20
16 22
17 19
17 20
17 22
18 21
18 22
18 24
18 25
18 27
18 28
19 20
19 22
20 22
20 23
20 26
20 28
22 23
22 24
22 25
22 26
22 28
22 29
23 24
23 25
23 26
23 28
23 29
25 26
25 27
25 28
25 29
from 380.0 to 400.0
NumEdges: 213
56 58
56 59
57 58
57 59
58 59
0 1
0 3
0 4
0 5
0 6
0 8
1 5
2 4
2 5
2 8
2 14
3 4
3 6
3 7
3 8
3 11
4 5
4 6
4 8
4 11
4 14
5 6
5 8
6 7
6 8
6 9
6 10
6 11
6 13
6 14
7 8
7 9
7 10
7 11
7 13
7 17
30 31
30 32
30 33
30 34
31 32
31 33
31 34
31 35
31 36
31 39
31 41
34 35
34 37
34 39
34 41
35 37
35 38
35 41
36 37
36 39
36 41
36 49
37 38
37 39
37 40
37 41
37 43
37 44
37 49
38 40
38 41
38 44
38 47
38 49
39 41
39 49
45 46
45 47
45 48
45 50
45 52
45 53
45 54
45 56
47 48
47 49
47 53
50 52
50 53
50 55
50 56
50 58
50 59
51 52
51 54
52 54
52 56
53 56
54 56
55 56
55 57
55 58
55 59
21 24
21 25
21 27
24 25
24 27
24 28
24 29
26 28
26 29
27 29
28 29
32 33
32 34
32 35
33 34
33 35
40 41
40 43
40 44
40 46
40 47
40 49
41 44
42 45
42 46
42 48
42 51
42 52
42 54
42 56
43 46
43 49
44 47
44 49
46 47
46 48
46 49
46 52
46 54
48 50
48 52
48 53
48 54
48 56
8 10
8 11
8 13
8 14
9 10
9 11
9 12
9 13
9 17
10 11
10 13
10 16
10 17
10 19
11 13
12 15
12 17
12 18
13 14
13 17
13 19
15 16
15 17
15 18
15 19
15 20
15 21
15 22
15 23
15 25
15 26
15 28
16 17
16 19
16 20
16 22
17 19
17 20
17 22
18 21
18 22
18 24
18 25
18 27
18 28
19 20
19 22
19 23
19 28
20 22
20 23
20 26
20 28
22 23
22 25
22 26
22 28
23 25
23 26
23 28
23 29
25 26
25 27
25 28
25 29
