100.0
100.0
100.0
66.738
66.958
67.117
67.564
67.918
68.998
70.547
74.134
75.685
75.821
81.144
83.615
84.711
85.336
92.575
100.0
100.0
100.0
100.0
100.0
100.0
100.0
100.0
100.0
100.0
100.0
100.0
100.0
89.191
79.005
59.907
100.0
100.0
100.0
68.438
66.994
67.135
70.070
71.596
100.0
100.0
100.0
100.0
100.0
100.0













100.0
100.0
100.0
66.738
66.958
67.117
67.564
67.918
68.998
70.547
74.134
75.685
75.821
81.144
83.615
84.711
85.336
92.575
100.0
100.0
100.0
100.0
100.0
100.0
100.0
100.0
100.0
100.0
100.0
100.0
100.0
89.191
79.005
59.907
100.0
100.0
100.0
68.438
66.994
67.135
70.070
71.596
100.0
100.0
100.0
100.0
100.0
100.0
















69.086
66.755
67.027
67.330
67.980
69.070
70.394
76.119
79.490
82.498
84.139
88.036
94.386
95.954
100.0













88.990
85.336
85.336



72.181
67.047
67.337
71.148
73.707



















100.0
100.0
100.0
71.660
68.724
68.070
67.531
67.185
67.119
66.827
67.049
67.212
65.204
68.967
49.413
57.091
53.620

100.0
100.0
100.0
100.0
100.0
100.0
100.0
100.0
100.0
100.0
100.0
98.291
94.120
50.217
53.525
53.525
100.0
100.0
100.0
100.0
100.0
100.0
100.0
100.0
98.291
100.0
100.0
100.0
100.0
100.0
















67.027
66.845
66.947
67.197
67.330
67.773
68.233
69.071
70.329
72.068
83.615
88.036
95.954
100.0
22.938











47.111
47.111
88.036
88.036
87.594








100.0


















100.0
100.0
100.0
66.809
66.812
67.019
67.072
67.288
67.525
67.656
67.656
68.253
68.734
69.955
71.112
72.026

100.0
27.371
36.747
35.053
36.747
36.747
40.673
41.412
40.673
41.412
41.412
47.111
94.120
91.883
57.996
55.265
56.158
96.520
100.0
100.0
74.362
67.428
72.924
96.520
96.520

100.0
100.0
100.0
100.0
100.0













