100.0
100.0
100.0
100.0
100.0
100.0
100.0
100.0
100.0
100.0
100.0
100.0
100.0
100.0
100.0
100.0
100.0
100.0
100.0
100.0
100.0
100.0
100.0
100.0
100.0
100.0
100.0
100.0
100.0
100.0
66.738
69.086
71.660
67.027
66.809
66.802
66.884
68.233
66.994
66.974
66.958
66.755
68.724
66.845
66.812
66.994
66.900
63.227
67.019
66.684
67.117
67.027
68.070
66.947
67.019
67.072
67.191
68.393
67.174
66.724
67.564
67.330
67.531
67.197
67.072
67.192
67.330
68.716
67.453
66.904
67.918
67.980
67.185
67.330
67.288
67.453
67.330
72.249
67.578
67.121
68.998
69.070
67.119
67.773
67.525
67.525
68.069
74.160
68.080
67.265
70.547
70.394
66.827
68.233
67.656
67.636
69.220
74.763
69.759
67.318
74.134
76.119
67.049
69.071
67.656
70.028
69.868
74.032
70.547
68.364
75.685
79.490
67.212
70.329
68.253
70.665
70.322
76.268
72.068
69.086
75.821
82.498
65.204
72.068
68.734
71.738
70.714
77.560
73.609
69.086
81.144
84.139
68.967
83.615
69.955
77.057
74.868
80.189
85.336
70.612
83.615
88.036
49.413
88.036
71.112
85.336
84.139
82.083
100.0
76.745
84.711
94.386
57.091
95.954
72.026
100.0
84.711
91.334
100.0
82.305
85.336
95.954
53.620
100.0
72.816
100.0
84.711
93.219
100.0
79.916
92.575
100.0
22.938
100.0
70.560
100.0
82.731
100.0
100.0
80.118
100.0
100.0
27.371
100.0
80.822
100.0
88.036
100.0
100.0
81.029
100.0
100.0
36.747
100.0
67.313
100.0
89.505
100.0
100.0
81.192
100.0
100.0
35.053
100.0
63.899
100.0
89.406
100.0
100.0
81.579
100.0
100.0
36.747
100.0
62.509
100.0
88.407
100.0
100.0
81.192
100.0
100.0
36.747
100.0
63.899
100.0
93.662
100.0
100.0
86.933
100.0
100.0
40.673
100.0
70.843
100.0
100.0
100.0
100.0
95.954
100.0
100.0
41.412
100.0
76.102
100.0
100.0
100.0
100.0
100.0
100.0
100.0
40.673
100.0
73.391
100.0
100.0
100.0
100.0
100.0
100.0
100.0
41.412
100.0
76.102
100.0
100.0
100.0
100.0
100.0
100.0
100.0
41.412
100.0
90.089
100.0
100.0
100.0
100.0
100.0
100.0
100.0
47.111
100.0
94.874
100.0
100.0
100.0
100.0
100.0
100.0
98.291
47.111
94.120
97.033
100.0
100.0
100.0
100.0
100.0
100.0
94.120
47.111
91.883
73.391
100.0
100.0
100.0
100.0
100.0
89.191
88.990
50.217
88.036
57.996
100.0
100.0
100.0
85.016
92.575
79.005
85.336
53.525
88.036
55.265
85.336
100.0
98.291
82.498
80.541
59.907
85.336
53.525
87.594
56.158
88.036
100.0
96.520
82.498
87.857
100.0
100.0
96.520
100.0
100.0
100.0
100.0
100.0
100.0
100.0
100.0
100.0
100.0
100.0
100.0
100.0
100.0
100.0
100.0
100.0
100.0
100.0
100.0
100.0
100.0
100.0
100.0
100.0
100.0
100.0
68.438
72.181
100.0
74.362
70.531
69.688
100.0
100.0
69.436
69.550
66.994
67.047
100.0
67.428
67.217
66.994
100.0
100.0
66.994
66.994
67.135
67.337
100.0
72.924
67.385
67.337
100.0
100.0
66.947
66.722
70.070
71.148
100.0
96.520
73.881
71.664
100.0
100.0
69.180
72.690
71.596
73.707
100.0
96.520
80.790
72.628
100.0
100.0
70.822
75.630
100.0
98.291
100.0
100.0
100.0
100.0
100.0
100.0
75.512
100.0
100.0
100.0
100.0
100.0
100.0
100.0
100.0
100.0
100.0
100.0
100.0
100.0
100.0
100.0
100.0
100.0
100.0
100.0
100.0
100.0
100.0
100.0
100.0
100.0
100.0
100.0
100.0
100.0
100.0
100.0
100.0
100.0
100.0
100.0
100.0
100.0
100.0
100.0
100.0
100.0
100.0
100.0
100.0
100.0
100.0
100.0
100.0
100.0
100.0
100.0













