100.0 100.0 100.0 100.0 100.0 100.0 100.0 100.0 100.0 100.0
72.151 65.629 67.410 64.737 66.876 66.708 69.724 64.696 66.827 70.624
69.110 62.441 67.322 66.991 67.032 66.782 70.478 64.409 66.798 67.788
68.211 69.621 67.565 67.136 66.954 67.003 70.478 65.820 66.750 38.754
67.219 51.234 67.631 67.322 66.954 77.074 73.675 65.642 66.747 38.325
67.136 47.028 67.631 67.565 67.072 80.074 73.675 69.663 66.721 38.123
43.393 44.474 67.708 67.542 67.141 80.074 74.143 71.051 43.259 38.554
44.604 42.221 67.995 67.759 67.391 80.074 75.769 70.757 43.989 37.607
45.302 42.221 68.694 68.325 67.391 80.115 75.815 70.757 44.360 38.432
45.666 40.993 70.370 69.283 67.595 75.184 78.014 70.790 43.632 55.745
46.425 39.857 72.738 70.285 67.678 72.649 80.927 70.285 67.512 64.984
46.522 39.457 77.592 74.803 69.668 71.361 80.611 70.194 65.074 65.206
47.525 40.036 82.619 79.180 72.094 71.142 74.283 69.577 67.850 57.896
47.525 40.682 82.157 74.950 71.867 69.577 73.011 68.926 77.028 54.619
47.261 40.036 83.137 73.235 72.435 69.090 72.738 68.287 77.086 54.640
47.007 67.088 83.716 73.546 71.084 68.387 72.637 68.194 77.086 64.539
47.007 67.088 83.419 73.716 71.395 68.064 72.637 68.194 80.115 67.214
47.722 67.088 84.361 74.089 72.069 68.410 72.637 68.496 80.115 68.448
48.862 67.788 86.312 77.840 73.338 68.892 72.773 68.869 80.297 68.430
48.862 67.909 93.318 80.444 75.378 69.154 72.999 69.160 80.377 81.507
3.4136 68.529 98.020 82.324 81.559 69.235 73.526 69.615 81.384 82.871
3.6865 68.694 100.0 84.030 82.619 68.992 74.149 69.794 81.559 83.137
4.0125 68.868 100.0 84.030 82.619 69.372 75.022 70.076 82.157 83.419
4.0125 69.446 100.0 84.030 82.381 69.372 74.747 70.569 82.381 83.419
93.318 82.875 100.0 94.288 86.770 82.024 95.365 80.002 83.419 91.618
100.0 100.0 83.419 100.0 94.288 80.467 78.014 100.0 80.297 100.0
80.677 100.0 82.619 100.0 85.079 80.227 72.866 100.0 74.187 92.539
80.467 100.0 80.797 100.0 86.770 80.297 71.722 100.0 72.069 100.0
80.377 100.0 84.030 100.0 100.0 80.927 70.790 100.0 70.790 100.0
81.559 100.0 100.0 100.0 100.0 100.0 70.214 100.0 70.214 100.0
100.0 100.0 100.0 100.0 100.0 100.0 69.963 100.0 69.079 100.0
100.0 100.0 100.0 100.0 100.0 100.0 70.830 100.0 67.776 100.0
100.0 100.0 100.0 100.0 100.0 100.0 100.0 100.0 100.0 100.0
100.0 100.0 100.0 100.0 100.0 100.0 100.0 100.0 100.0 100.0
100.0 100.0 100.0 100.0 100.0 100.0 100.0 100.0 98.020 100.0
100.0 100.0 100.0 100.0 100.0 100.0 100.0 100.0 98.020 100.0
100.0 100.0 100.0 100.0 100.0 100.0 98.020 100.0 83.476 100.0
100.0 100.0 100.0 100.0 100.0 100.0 98.020 100.0 81.494 100.0
100.0 100.0 100.0 100.0 100.0 100.0 98.020 100.0 83.476 100.0
100.0 100.0 100.0 100.0 100.0 100.0 98.020 100.0 83.476 100.0
100.0 100.0 100.0 100.0 100.0 100.0 100.0 100.0 95.365 100.0
100.0 100.0 100.0 100.0 100.0 100.0 100.0 100.0 98.020 100.0
100.0 100.0 100.0 100.0 100.0 100.0 100.0 100.0 100.0 100.0
100.0 100.0 100.0 100.0 100.0 100.0 100.0 100.0 100.0 100.0
100.0 100.0 100.0 100.0 100.0 100.0 100.0 100.0 100.0 100.0
100.0 100.0 100.0 100.0 100.0 100.0 100.0 100.0 100.0 100.0
100.0 100.0 100.0 100.0 100.0 100.0 100.0 100.0 100.0 100.0
100.0 100.0 100.0 100.0 100.0 100.0 100.0 100.0 100.0 100.0













