100.0  100.0  100.0  100.0  100.0  100.0  100.0  100.0  100.0  100.0
66.198 67.019 66.994 77.311 68.049 68.821 75.108 66.711 67.337 77.050
68.570 67.293 66.722 73.974 70.341 66.911 69.863 66.958 67.636 80.115
69.994 67.714 66.904 72.290 73.983 66.958 63.392 67.047 68.554 80.115
77.756 68.017 67.767 43.433 79.284 70.149 72.992 68.349 82.498 81.620
80.735 70.660 68.501 11.464 80.467 74.695 73.605 68.659 83.137 82.498
82.702 78.686 75.606 6.6598 81.778 81.945 81.328 73.712 87.172 100.0
85.336 90.463 82.914 3.6922 84.711 82.305 83.871 79.322 88.990 100.0
90.049 100.0  91.234 1.4814 84.139 90.624 85.671 86.770 100.0  100.0
97.033 100.0  98.291 0.7950 90.624 100.0  94.120 90.049 100.0  100.0
100.0  100.0  100.0  0.4237 94.992 100.0  100.0  94.120 100.0  100.0
100.0  100.0  100.0  2.6066 100.0  100.0  98.291 98.291 100.0  100.0
100.0  100.0  100.0  6.8656 100.0  100.0  100.0  100.0  100.0  100.0
100.0  100.0  100.0  21.415 100.0  100.0  100.0  100.0  100.0  100.0
100.0  100.0  100.0  47.472 100.0  100.0  81.945 100.0  100.0  100.0
100.0  100.0  85.671 89.413 100.0  100.0  68.859 100.0  100.0  100.0
100.0  100.0  84.418 93.874 100.0  100.0  66.818 100.0  100.0  100.0
100.0  100.0  88.990 96.520 100.0  100.0  70.762 100.0  100.0  100.0
100.0  100.0  98.291 100.0  100.0  100.0  45.624 100.0  100.0  100.0
100.0  100.0  100.0  100.0  100.0  100.0  50.217 100.0  100.0  100.0
100.0  100.0  100.0  100.0  100.0  100.0  67.279 100.0  100.0  100.0
100.0  100.0  100.0  100.0  100.0  100.0  100.0  100.0  100.0  100.0
100.0  100.0  100.0  100.0  100.0  100.0  100.0  100.0  100.0  100.0
100.0  100.0  100.0  100.0  100.0  100.0  100.0  100.0  100.0  100.0





































