100.0			71.13071362321882	0.6201929535378923
100.0			68.91692276130055	1.138849746119424
100.0			67.12939920702931	1.8203770907435322
70.32981051856075	64.85297537854089	2.0201125569668155
68.26419838142101	66.76714751776349	2.231065105961696
68.0809452338513	0.005032700991990786	2.672877306142548
67.37616822634732	0.12556703335925354	3.4186540437746076
67.2176344801442	0.3219343127347864	3.4186540437746076
67.12169253124956	0.7269738522529182	4.908184581074957
66.78280100072688	1.4594230965198143	5.956101872220952
66.72243741458082	1.6348101798103716	7.467867210277992
66.70456321451103	1.8203770907435322	7.467867210277992
66.70456321451103	2.4420666955768815	7.855519874399632
39.70668617519815	2.6687404672556507	8.254257470285895
40.244988267462595	2.909450252227369	9.085963882979279
40.79901423391724	3.1615720687386766	10.03167778632167
41.56032283984174	5.243974898530739	11.041739245289778
3.154205429332356	6.724940561598139	42.35934527427212
5.194230502755851	7.467867210277992	57.996810608035595
6.603778489379152	7.467867210277992	100.0
7.3863546700965514	7.855519874399632	100.0
8.200423711468476	8.66431972269563	100.0
9.519465646754211	9.085963882979279	67.0473231208648
12.120968586231404	10.528380261255514	68.84141513222187
13.274957323328826	12.120968586231404	77.21570263195355
12.120968586231404	42.87118586871721	85.47304609006174
14.306444467495217	57.996810608035595	100.0
15.579494207507494	100.0			100.0
19.769959815999485	100.0			100.0
19.1709521546086	100.0			100.0
19.1709521546086	67.0473231208648	100.0
42.16472033015447	68.94840662765803	100.0
51.02432713148233	78.08540200396561	100.0
53.52541244436786	85.96879813645035	100.0
96.5209258017334	100.0			100.0
100.0			100.0			67.13562727482
100.0			100.0			66.77842169187883
100.0			100.0			66.7761878114079
100.0			100.0			66.8683400012822
100.0			100.0			66.85713577260177
100.0			100.0			67.07217330625703
100.0			100.0			67.36113452867501
100.0			100.0			67.5254180896417
100.0			100.0			67.71446085698022
100.0			78.5856799298863	68.36406492287776
100.0			73.56815334622368	68.6444935977071
100.0			72.06243646072735	72.62852836458673
100.0			71.83497451682766	78.04610578406287
100.0			70.82557559151255	100.0
100.0			68.91692276130055	100.0
100.0			67.19296155079462	100.0
100.0			66.8568329330711	100.0
79.12034340631843	39.17516999432112	100.0
73.56815334622368	37.62781731150233	100.0
72.99500146945162	0.0812686864061672	100.0
72.09021487939259	0.6201929535378923	100.0







2014-08-16 21:48                                                  Page 2


100.0			97.03340740969624	68.5840898890676
100.0			100.0			69.08358335427567
100.0			100.0			69.238354400909
100.0			100.0			69.37805411504223
100.0			100.0			69.55764965282388
100.0			100.0			73.07086741550322
100.0			100.0			76.04761204033393
95.95407411952509	100.0			77.92684947760867
82.68431714279126	100.0			81.30298040059186
86.38735288053316	100.0			83.772600899068
100.0			100.0			100.0
100.0			100.0			100.0
100.0			100.0			100.0
69.6889804212304	100.0			100.0
67.1742932048156	100.0			100.0
66.94724721206772	100.0			100.0
73.11154647965378	100.0			100.0
73.3069585400375	100.0			100.0
100.0			100.0			100.0
100.0			100.0			100.0
100.0			100.0			100.0
100.0			100.0			100.0
100.0			100.0			100.0
100.0			100.0			88.99037291817027
100.0			100.0			61.8977004017456
100.0			100.0			72.0990999143192
100.0			100.0			100.0
71.16205661441101	100.0			100.0
67.10159844914591	100.0			100.0
64.19217155165163	100.0			100.0
63.658947946855804	100.0			100.0
68.39538516537978	100.0			100.0
76.76597363478957	100.0			100.0
80.26151992080273	100.0			100.0
80.20632637331833	100.0			100.0
80.46750664676067	67.07217330625706	100.0
80.7357610907423	66.78280100072688	100.0
81.47077358483044	67.0503476964872	100.0
86.02109059470013	67.14615847775187	100.0
94.9928711340583	67.21304560422327	100.0





















